TITLE,DIRECTOR,WRITER
180,Jayendra,"Umarji Anuradha, Jayendra, Aarthi Sriram, & Suba"
180,Jayendra,"Umarji Anuradha, Jayendra, Aarthi Sriram, & Suba"
180,Jayendra,"Umarji Anuradha, Jayendra, Aarthi Sriram, & Suba"
180,Jayendra,"Umarji Anuradha, Jayendra, Aarthi Sriram, & Suba"
180,Jayendra,"Umarji Anuradha, Jayendra, Aarthi Sriram, & Suba"
180,Jayendra,"Umarji Anuradha, Jayendra, Aarthi Sriram, & Suba"
180,Jayendra,"Umarji Anuradha, Jayendra, Aarthi Sriram, & Suba"
180,Jayendra,"Umarji Anuradha, Jayendra, Aarthi Sriram, & Suba"
24 Hours on Craigslist,Michael Ferris Gibson,N/A
40 Days and 40 Nights,Michael Lehmann,Robert Perez
40 Days and 40 Nights,Michael Lehmann,Robert Perez
48 Hours,Walter Hill,Walter Hill
50 First Dates,Peter Segal,George Wing
About a Boy,Mark J. Kunerth,Jason Katims
About a Boy,Mark J. Kunerth,Jason Katims
About a Boy,Mark J. Kunerth,Jason Katims
After the Thin Man,W.S. Van Dyke,Frances Goodrich
Age of Adaline,Lee Toland Krieger,J. Mills Goodloe
Age of Adaline,Lee Toland Krieger,J. Mills Goodloe
Age of Adaline,Lee Toland Krieger,J. Mills Goodloe
Age of Adaline,Lee Toland Krieger,J. Mills Goodloe
Age of Adaline,Lee Toland Krieger,J. Mills Goodloe
A Jitney Elopement,Charles Chaplin,Charles Chaplin
A Jitney Elopement,Charles Chaplin,Charles Chaplin
Alcatraz,J.J. Abrams,Steven Lilien
Alcatraz,J.J. Abrams,Steven Lilien
Alcatraz,J.J. Abrams,Steven Lilien
Alcatraz,J.J. Abrams,Steven Lilien
Alcatraz,J.J. Abrams,Steven Lilien
Alcatraz,J.J. Abrams,Steven Lilien
Alexander's Ragtime Band,Henry King,Kathryn Scola
Alexander's Ragtime Band,Henry King,Kathryn Scola
Alexander's Ragtime Band,Henry King,Kathryn Scola
Alive,Uta Briesewitz,Jason Tracey
Alive,Uta Briesewitz,Jason Tracey
Alive,Uta Briesewitz,Jason Tracey
Alive,Uta Briesewitz,Jason Tracey
Alive,Uta Briesewitz,Jason Tracey
All About Eve,Joseph L. Mankiewicz,Joseph L. Mankiewicz
Always Be My Maybe,Nahnatchka Khan,"Michael Golamco, Randall Park, Ali Wong"
Always Be My Maybe,Nahnatchka Khan,"Michael Golamco, Randall Park, Ali Wong"
Always Be My Maybe,Nahnatchka Khan,"Michael Golamco, Randall Park, Ali Wong"
Always Be My Maybe,Nahnatchka Khan,"Michael Golamco, Randall Park, Ali Wong"
Always Be My Maybe,Nahnatchka Khan,"Michael Golamco, Randall Park, Ali Wong"
Always Be My Maybe,Nahnatchka Khan,"Michael Golamco, Randall Park, Ali Wong"
Always Be My Maybe,Nahnatchka Khan,"Michael Golamco, Randall Park, Ali Wong"
Always Be My Maybe,Nahnatchka Khan,"Michael Golamco, Randall Park, Ali Wong"
Always Be My Maybe,Nahnatchka Khan,"Michael Golamco, Randall Park, Ali Wong"
Always Be My Maybe,Nahnatchka Khan,"Michael Golamco, Randall Park, Ali Wong"
Always Be My Maybe,Nahnatchka Khan,"Michael Golamco, Randall Park, Ali Wong"
Always Be My Maybe,Nahnatchka Khan,"Michael Golamco, Randall Park, Ali Wong"
Always Be My Maybe,Nahnatchka Khan,"Michael Golamco, Randall Park, Ali Wong"
Always Be My Maybe,Nahnatchka Khan,"Michael Golamco, Randall Park, Ali Wong"
Always Be My Maybe,Nahnatchka Khan,"Michael Golamco, Randall Park, Ali Wong"
Always Be My Maybe,Nahnatchka Khan,"Michael Golamco, Randall Park, Ali Wong"
Always Be My Maybe,Nahnatchka Khan,"Michael Golamco, Randall Park, Ali Wong"
Americana,Zachary Shedd,Zachary Shedd
Americana,Zachary Shedd,Zachary Shedd
Americana,Zachary Shedd,Zachary Shedd
Americana,Zachary Shedd,Zachary Shedd
Americana,Zachary Shedd,Zachary Shedd
Americana,Zachary Shedd,Zachary Shedd
Americana,Zachary Shedd,Zachary Shedd
Americana,Zachary Shedd,Zachary Shedd
Americana,Zachary Shedd,Zachary Shedd
Americana,Zachary Shedd,Zachary Shedd
Americana,Zachary Shedd,Zachary Shedd
Americana,Zachary Shedd,Zachary Shedd
Americana,Zachary Shedd,Zachary Shedd
Americana,Zachary Shedd,Zachary Shedd
Americana,Zachary Shedd,Zachary Shedd
Americana,Zachary Shedd,Zachary Shedd
Americana,Zachary Shedd,Zachary Shedd
American Graffiti,George Lucas,George Lucas
American Graffiti,George Lucas,George Lucas
American Yearbook,Brian Ging,Brian Ging
A Night Full of Rain,Lina Wertmuller,Lina Wertmuller
A Night Full of Rain,Lina Wertmuller,Lina Wertmuller
A Night Full of Rain,Lina Wertmuller,Lina Wertmuller
A Night Full of Rain,Lina Wertmuller,Lina Wertmuller
Another 48 Hours,Walter Hill,Walter Hill
Ant-Man,Peyton Reed,Gabriel Ferrari
Ant-Man,Peyton Reed,Gabriel Ferrari
Ant-Man,Peyton Reed,Gabriel Ferrari
Ant-Man,Peyton Reed,Gabriel Ferrari
Ant-Man,Peyton Reed,Gabriel Ferrari
Ant-Man,Peyton Reed,Gabriel Ferrari
Ant-Man,Peyton Reed,Gabriel Ferrari
Ant-Man,Peyton Reed,Gabriel Ferrari
Ant-Man,Peyton Reed,Gabriel Ferrari
Ant-Man,Peyton Reed,Gabriel Ferrari
Ant-Man,Peyton Reed,Gabriel Ferrari
Ant-Man,Peyton Reed,Gabriel Ferrari
Ant-Man,Peyton Reed,Gabriel Ferrari
Ant-Man and the Wasp,Peyton Reed,Chris McKenna
Ant-Man and the Wasp,Peyton Reed,Chris McKenna
Ant-Man and the Wasp,Peyton Reed,Chris McKenna
Ant-Man and the Wasp,Peyton Reed,Chris McKenna
Ant-Man and the Wasp,Peyton Reed,Chris McKenna
Ant-Man and the Wasp,Peyton Reed,Chris McKenna
Ant-Man and the Wasp,Peyton Reed,Chris McKenna
Ant-Man and the Wasp,Peyton Reed,Chris McKenna
Ant-Man and the Wasp,Peyton Reed,Chris McKenna
Ant-Man and the Wasp,Peyton Reed,Chris McKenna
Ant-Man and the Wasp,Peyton Reed,Chris McKenna
Ant-Man and the Wasp,Peyton Reed,Chris McKenna
Ant-Man and the Wasp,Peyton Reed,Chris McKenna
Ant-Man and the Wasp,Peyton Reed,Chris McKenna
Ant-Man and the Wasp,Peyton Reed,Chris McKenna
Ant-Man and the Wasp,Peyton Reed,Chris McKenna
Ant-Man and the Wasp,Peyton Reed,Chris McKenna
Ant-Man and the Wasp,Peyton Reed,Chris McKenna
Ant-Man and the Wasp,Peyton Reed,Chris McKenna
Ant-Man and the Wasp,Peyton Reed,Chris McKenna
Ant-Man and the Wasp,Peyton Reed,Chris McKenna
Ant-Man and the Wasp,Peyton Reed,Chris McKenna
Ant-Man and the Wasp,Peyton Reed,Chris McKenna
Ant-Man and the Wasp,Peyton Reed,Chris McKenna
Around the Fire,John Jacobsen,John Comerford
A Smile Like Yours,Keith Samples,Keith Samples & Kevin Meyer
A Smile Like Yours,Keith Samples,Keith Samples & Kevin Meyer
A Smile Like Yours,Keith Samples,Keith Samples & Kevin Meyer
A Smile Like Yours,Keith Samples,Keith Samples & Kevin Meyer
A Taiwanese Tale of Two Cities,Tien-Lun Yeh,"Ling-Hui Chen, Nancy Chen, Chih-Chi Fan, Chia-Hui Lin"
A Taiwanese Tale of Two Cities,Tien-Lun Yeh,"Ling-Hui Chen, Nancy Chen, Chih-Chi Fan, Chia-Hui Lin"
A Taiwanese Tale of Two Cities,Tien-Lun Yeh,"Ling-Hui Chen, Nancy Chen, Chih-Chi Fan, Chia-Hui Lin"
A Taiwanese Tale of Two Cities,Tien-Lun Yeh,"Ling-Hui Chen, Nancy Chen, Chih-Chi Fan, Chia-Hui Lin"
A Taiwanese Tale of Two Cities,Tien-Lun Yeh,"Ling-Hui Chen, Nancy Chen, Chih-Chi Fan, Chia-Hui Lin"
A Taiwanese Tale of Two Cities,Tien-Lun Yeh,"Ling-Hui Chen, Nancy Chen, Chih-Chi Fan, Chia-Hui Lin"
A Taiwanese Tale of Two Cities,Tien-Lun Yeh,"Ling-Hui Chen, Nancy Chen, Chih-Chi Fan, Chia-Hui Lin"
A Taiwanese Tale of Two Cities,Tien-Lun Yeh,"Ling-Hui Chen, Nancy Chen, Chih-Chi Fan, Chia-Hui Lin"
A Taiwanese Tale of Two Cities,Tien-Lun Yeh,"Ling-Hui Chen, Nancy Chen, Chih-Chi Fan, Chia-Hui Lin"
A Taiwanese Tale of Two Cities,Tien-Lun Yeh,"Ling-Hui Chen, Nancy Chen, Chih-Chi Fan, Chia-Hui Lin"
A Taiwanese Tale of Two Cities,Tien-Lun Yeh,"Ling-Hui Chen, Nancy Chen, Chih-Chi Fan, Chia-Hui Lin"
A Taiwanese Tale of Two Cities,Tien-Lun Yeh,"Ling-Hui Chen, Nancy Chen, Chih-Chi Fan, Chia-Hui Lin"
A Taiwanese Tale of Two Cities,Tien-Lun Yeh,"Ling-Hui Chen, Nancy Chen, Chih-Chi Fan, Chia-Hui Lin"
A Taiwanese Tale of Two Cities,Tien-Lun Yeh,"Ling-Hui Chen, Nancy Chen, Chih-Chi Fan, Chia-Hui Lin"
A Taiwanese Tale of Two Cities,Tien-Lun Yeh,"Ling-Hui Chen, Nancy Chen, Chih-Chi Fan, Chia-Hui Lin"
A Taiwanese Tale of Two Cities,Tien-Lun Yeh,"Ling-Hui Chen, Nancy Chen, Chih-Chi Fan, Chia-Hui Lin"
A Taiwanese Tale of Two Cities,Tien-Lun Yeh,"Ling-Hui Chen, Nancy Chen, Chih-Chi Fan, Chia-Hui Lin"
Attack of the Killer Tomatoes,John DeBello,John DeBello
A View to a Kill,John Glen,Richard Maibaum
A View to a Kill,John Glen,Richard Maibaum
A View to a Kill,John Glen,Richard Maibaum
A View to a Kill,John Glen,Richard Maibaum
A View to a Kill,John Glen,Richard Maibaum
A View to a Kill,John Glen,Richard Maibaum
A View to a Kill,John Glen,Richard Maibaum
A View to a Kill,John Glen,Richard Maibaum
A View to a Kill,John Glen,Richard Maibaum
A View to a Kill,John Glen,Richard Maibaum
A View to a Kill,John Glen,Richard Maibaum
Babies,Thomas Balmes,Thomas Balmes
Ballers Season 3,Julian Farino,Stephen Levinson
Ballers Season 3,Julian Farino,Stephen Levinson
Ballers Season 3,Julian Farino,Stephen Levinson
Ballers Season 3,Julian Farino,Stephen Levinson
Ballers Season 3,Julian Farino,Stephen Levinson
Ballers Season 3,Julian Farino,Stephen Levinson
Ballers Season 3,Julian Farino,Stephen Levinson
Barbary Coast,Howard Hawks,Ben Hecht
Basic Instinct,Paul Verhoeven,Joe Eszterhas
Basic Instinct,Paul Verhoeven,Joe Eszterhas
Basic Instinct,Paul Verhoeven,Joe Eszterhas
Basic Instinct,Paul Verhoeven,Joe Eszterhas
Basic Instinct,Paul Verhoeven,Joe Eszterhas
Basic Instinct,Paul Verhoeven,Joe Eszterhas
Basic Instinct,Paul Verhoeven,Joe Eszterhas
Basic Instinct,Paul Verhoeven,Joe Eszterhas
Basic Instinct,Paul Verhoeven,Joe Eszterhas
Basic Instinct,Paul Verhoeven,Joe Eszterhas
Basic Instinct,Paul Verhoeven,Joe Eszterhas
Basic Instinct,Paul Verhoeven,Joe Eszterhas
Basic Instinct,Paul Verhoeven,Joe Eszterhas
Beaches,Garry Marshall,Mary Agnes Donoghue
Beautiful Boy,Felix van Groeningen,Luke Davies
Beautiful Boy,Felix van Groeningen,Luke Davies
Beautiful Boy,Felix van Groeningen,Luke Davies
Beautiful Boy,Felix van Groeningen,Luke Davies
Beautiful Boy,Felix van Groeningen,Luke Davies
Beautiful Boy,Felix van Groeningen,Luke Davies
Beautiful Boy,Felix van Groeningen,Luke Davies
Bedazzled,Harold Ramis,Harold Ramis
Bedazzled,Harold Ramis,Harold Ramis
Bedazzled,Harold Ramis,Harold Ramis
Bedazzled,Harold Ramis,Harold Ramis
Bedazzled,Harold Ramis,Harold Ramis
Bee Season,Scott McGehee,David Siegel
Bicentennial Man,Chris Columbus,Nicholas Kazan
Bicentennial Man,Chris Columbus,Nicholas Kazan
Bicentennial Man,Chris Columbus,Nicholas Kazan
Bicentennial Man,Chris Columbus,Nicholas Kazan
Bicentennial Man,Chris Columbus,Nicholas Kazan
Big Eyes,Tim Burton,Scott Alexander
Big Eyes,Tim Burton,Scott Alexander
Big Eyes,Tim Burton,Scott Alexander
Big Eyes,Tim Burton,Scott Alexander
Big Eyes,Tim Burton,Scott Alexander
Big Eyes,Tim Burton,Scott Alexander
Big Eyes,Tim Burton,Scott Alexander
Big Eyes,Tim Burton,Scott Alexander
Big Eyes,Tim Burton,Scott Alexander
Big Eyes,Tim Burton,Scott Alexander
Big Sur,Michael Polish,Jack Kerouac & Michael Polish
Big Trouble in Little China,John Carpenter,Gary Goldman
Birdman of Alcatraz,John Frankenheimer,Guy Trosper
Birdman of Alcatraz,John Frankenheimer,Guy Trosper
Birth of the Dragon,George Nolfi,"Christopher Wilkinson, Stephen J. Rivele"
Birth of the Dragon,George Nolfi,"Christopher Wilkinson, Stephen J. Rivele"
Birth of the Dragon,George Nolfi,"Christopher Wilkinson, Stephen J. Rivele"
Birth of the Dragon,George Nolfi,"Christopher Wilkinson, Stephen J. Rivele"
Birth of the Dragon,George Nolfi,"Christopher Wilkinson, Stephen J. Rivele"
Birth of the Dragon,George Nolfi,"Christopher Wilkinson, Stephen J. Rivele"
Birth of the Dragon,George Nolfi,"Christopher Wilkinson, Stephen J. Rivele"
Birth of the Dragon,George Nolfi,"Christopher Wilkinson, Stephen J. Rivele"
Birth of the Dragon,George Nolfi,"Christopher Wilkinson, Stephen J. Rivele"
Birth of the Dragon,George Nolfi,"Christopher Wilkinson, Stephen J. Rivele"
Birth of the Dragon,George Nolfi,"Christopher Wilkinson, Stephen J. Rivele"
Bitter Melon,H.P. Mendoza,H.P. Mendoza
Bitter Melon,H.P. Mendoza,H.P. Mendoza
Bitter Melon,H.P. Mendoza,H.P. Mendoza
Bitter Melon,H.P. Mendoza,H.P. Mendoza
Bitter Melon,H.P. Mendoza,H.P. Mendoza
Bitter Melon,H.P. Mendoza,H.P. Mendoza
Bitter Melon,H.P. Mendoza,H.P. Mendoza
Bitter Melon,H.P. Mendoza,H.P. Mendoza
Bitter Melon,H.P. Mendoza,H.P. Mendoza
Bitter Melon,H.P. Mendoza,H.P. Mendoza
Bitter Melon,H.P. Mendoza,H.P. Mendoza
Blue Jasmine,Woody Allen,Woody Allen
Blue Jasmine,Woody Allen,Woody Allen
Blue Jasmine,Woody Allen,Woody Allen
Blue Jasmine,Woody Allen,Woody Allen
Blue Jasmine,Woody Allen,Woody Allen
Blue Jasmine,Woody Allen,Woody Allen
Blue Jasmine,Woody Allen,Woody Allen
Blue Jasmine,Woody Allen,Woody Allen
Blue Jasmine,Woody Allen,Woody Allen
Blue Jasmine,Woody Allen,Woody Allen
Blue Jasmine,Woody Allen,Woody Allen
Blue Jasmine,Woody Allen,Woody Allen
Blue Jasmine,Woody Allen,Woody Allen
Blue Jasmine,Woody Allen,Woody Allen
Blue Jasmine,Woody Allen,Woody Allen
Blue Jasmine,Woody Allen,Woody Allen
Blue Jasmine,Woody Allen,Woody Allen
Blue Jasmine,Woody Allen,Woody Allen
Blue Jasmine,Woody Allen,Woody Allen
Blue Jasmine,Woody Allen,Woody Allen
Blue Jasmine,Woody Allen,Woody Allen
Blue Jasmine,Woody Allen,Woody Allen
Blue Jasmine,Woody Allen,Woody Allen
Blue Jasmine,Woody Allen,Woody Allen
Blue Jasmine,Woody Allen,Woody Allen
Blue Jasmine,Woody Allen,Woody Allen
Blue Jasmine,Woody Allen,Woody Allen
Blue Jasmine,Woody Allen,Woody Allen
Boys and Girls,Robert Iscove,The Drews
Boys and Girls,Robert Iscove,The Drews
Boys and Girls,Robert Iscove,The Drews
Boys and Girls,Robert Iscove,The Drews
Boys and Girls,Robert Iscove,The Drews
Boys and Girls,Robert Iscove,The Drews
Boys and Girls,Robert Iscove,The Drews
Boys and Girls,Robert Iscove,The Drews
Boys and Girls,Robert Iscove,The Drews
Boys and Girls,Robert Iscove,The Drews
Boys and Girls,Robert Iscove,The Drews
Boys and Girls,Robert Iscove,The Drews
Broken-A Modern Love Story,Ryan K. Whiting,Ryan K. Whiting
Broken-A Modern Love Story,Ryan K. Whiting,Ryan K. Whiting
"Budding Prospects, Pilot",Terry Zwigoff,"Melissa Axelrod, T. C. Boyle (based on the book by)"
"Budding Prospects, Pilot",Terry Zwigoff,"Melissa Axelrod, T. C. Boyle (based on the book by)"
"Budding Prospects, Pilot",Terry Zwigoff,"Melissa Axelrod, T. C. Boyle (based on the book by)"
"Budding Prospects, Pilot",Terry Zwigoff,"Melissa Axelrod, T. C. Boyle (based on the book by)"
"Budding Prospects, Pilot",Terry Zwigoff,"Melissa Axelrod, T. C. Boyle (based on the book by)"
"Budding Prospects, Pilot",Terry Zwigoff,"Melissa Axelrod, T. C. Boyle (based on the book by)"
"Budding Prospects, Pilot",Terry Zwigoff,"Melissa Axelrod, T. C. Boyle (based on the book by)"
"Budding Prospects, Pilot",Terry Zwigoff,"Melissa Axelrod, T. C. Boyle (based on the book by)"
"Budding Prospects, Pilot",Terry Zwigoff,"Melissa Axelrod, T. C. Boyle (based on the book by)"
"Budding Prospects, Pilot",Terry Zwigoff,"Melissa Axelrod, T. C. Boyle (based on the book by)"
"Budding Prospects, Pilot",Terry Zwigoff,"Melissa Axelrod, T. C. Boyle (based on the book by)"
"Budding Prospects, Pilot",Terry Zwigoff,"Melissa Axelrod, T. C. Boyle (based on the book by)"
"Budding Prospects, Pilot",Terry Zwigoff,"Melissa Axelrod, T. C. Boyle (based on the book by)"
Bullitt,Peter Yates,Alan R. Trustman
Bullitt,Peter Yates,Alan R. Trustman
Bullitt,Peter Yates,Alan R. Trustman
Bullitt,Peter Yates,Alan R. Trustman
Bullitt,Peter Yates,Alan R. Trustman
Bullitt,Peter Yates,Alan R. Trustman
Bullitt,Peter Yates,Alan R. Trustman
Bullitt,Peter Yates,Alan R. Trustman
Bullitt,Peter Yates,Alan R. Trustman
Bullitt,Peter Yates,Alan R. Trustman
Bullitt,Peter Yates,Alan R. Trustman
Bullitt,Peter Yates,Alan R. Trustman
Bullitt,Peter Yates,Alan R. Trustman
Bullitt,Peter Yates,Alan R. Trustman
Bullitt,Peter Yates,Alan R. Trustman
Bullitt,Peter Yates,Alan R. Trustman
Bullitt,Peter Yates,Alan R. Trustman
Bullitt,Peter Yates,Alan R. Trustman
Bullitt,Peter Yates,Alan R. Trustman
Bullitt,Peter Yates,Alan R. Trustman
Bullitt,Peter Yates,Alan R. Trustman
Bullitt,Peter Yates,Alan R. Trustman
Bullitt,Peter Yates,Alan R. Trustman
Burglar,Hugh Wilson,Joseph Loeb III
Burglar,Hugh Wilson,Joseph Loeb III
Burglar,Hugh Wilson,Joseph Loeb III
Burglar,Hugh Wilson,Joseph Loeb III
By Hook or By Crook,Harriet Dodge & Silas,Harriet Dodge & Silas Howard
By Hook or By Crook,Harriet Dodge & Silas,Harriet Dodge & Silas Howard
By Hook or By Crook,Harriet Dodge & Silas,Harriet Dodge & Silas Howard
Can't Stop the Music,Nancy Walker,Allan Carr
Cardinal X,Annie Wang,Annie Wang
Cardinal X,Annie Wang,Annie Wang
Cardinal X,Annie Wang,Annie Wang
Cardinal X,Annie Wang,Annie Wang
Cardinal X,Annie Wang,Annie Wang
Cardinal X,Annie Wang,Annie Wang
Cardinal X,Annie Wang,Annie Wang
Cardinal X,Annie Wang,Annie Wang
Cardinal X,Annie Wang,Annie Wang
Cardinal X,Annie Wang,Annie Wang
Casualties of War,Brian DePalma,Daniel Lang
Chance- Season 1 ep102,Lenny Abrahamson,Alexandra Cunningham
Chance- Season 1 ep102,Lenny Abrahamson,Alexandra Cunningham
Chance- Season 1 ep102,Lenny Abrahamson,Alexandra Cunningham
Chance- Season 1 ep102,Lenny Abrahamson,Alexandra Cunningham
Chance- Season 1 ep102,Lenny Abrahamson,Alexandra Cunningham
Chance- Season 1 ep102,Lenny Abrahamson,Alexandra Cunningham
Chance- Season 1 ep102,Lenny Abrahamson,Alexandra Cunningham
Chance- Season 1 ep102,Lenny Abrahamson,Alexandra Cunningham
Chance- Season 1 ep102,Lenny Abrahamson,Alexandra Cunningham
Chance- Season 1 ep102,Lenny Abrahamson,Alexandra Cunningham
Chance- Season 1 ep102,Lenny Abrahamson,Alexandra Cunningham
Chance- Season 1 ep103,Michael Lehmann,Kem Nunn
Chance- Season 1 ep103,Michael Lehmann,Kem Nunn
Chance- Season 1 ep103,Michael Lehmann,Kem Nunn
Chance- Season 1 ep103,Michael Lehmann,Kem Nunn
Chance- Season 1 ep103,Michael Lehmann,Kem Nunn
Chance- Season 1 ep103,Michael Lehmann,Kem Nunn
Chance- Season 1 ep103,Michael Lehmann,Kem Nunn
Chance- Season 1 ep103,Michael Lehmann,Kem Nunn
Chance- Season 1 ep103,Michael Lehmann,Kem Nunn
Chance- Season 1 ep103,Michael Lehmann,Kem Nunn
Chance- Season 1 ep103,Michael Lehmann,Kem Nunn
Chance- Season 1 ep104,Carl Franklin,Peter Elkoff
Chance- Season 1 ep104,Carl Franklin,Peter Elkoff
Chance- Season 1 ep104,Carl Franklin,Peter Elkoff
Chance- Season 1 ep104,Carl Franklin,Peter Elkoff
Chance- Season 1 ep104,Carl Franklin,Peter Elkoff
Chance- Season 1 ep104,Carl Franklin,Peter Elkoff
Chance- Season 1 ep104,Carl Franklin,Peter Elkoff
Chance- Season 1 ep104,Carl Franklin,Peter Elkoff
Chance- Season 1 ep104,Carl Franklin,Peter Elkoff
Chance- Season 1 ep104,Carl Franklin,Peter Elkoff
Chance - Season 1ep105,Victoria Morrow,Roxann Dawson
Chance - Season 1 ep105,Victoria Morrow,Roxann Dawson
Chance - Season 1 ep105,Victoria Morrow,Roxann Dawson
Chance - Season 1 ep105,Victoria Morrow,Roxann Dawson
Chance - Season 1 ep105,Victoria Morrow,Roxann Dawson
Chance- Season 1 ep106,Sara Gran,Dan Attias
Chance- Season 1 ep106,Sara Gran,Dan Attias
Chance- Season 1 ep106,Sara Gran,Dan Attias
Chance- Season 1 ep106,Sara Gran,Dan Attias
Chance- Season 1 ep106,Sara Gran,Dan Attias
Chance- Season 1 ep106,Sara Gran,Dan Attias
Chance- Season 1 ep106,Sara Gran,Dan Attias
Chance- Season 1 ep107,Alexandra Cunningham ,Michael Lehmann
Chance- Season 1 ep107,Alexandra Cunningham ,Michael Lehmann
Chance- Season 1 ep107,Alexandra Cunningham ,Michael Lehmann
Chance- Season 1 ep107,Alexandra Cunningham ,Michael Lehmann
Chance- Season 1 ep107,Alexandra Cunningham ,Michael Lehmann
Chance- Season 1 ep107,Alexandra Cunningham ,Michael Lehmann
Chance- Season 1 ep107,Alexandra Cunningham ,Michael Lehmann
Chance- Season 1 ep108,Peter Elkoff and Vict,Andrew Bernstein
Chance- Season 1 ep108,Peter Elkoff and Vict,Andrew Bernstein
Chance- Season 1 ep108,Peter Elkoff and Vict,Andrew Bernstein
Chance- Season 1 ep108,Peter Elkoff and Vict,Andrew Bernstein
Chance- Season 1 ep109,Sara Gran and Pete Be,Dan Attias
Chance- Season 1 ep109,Sara Gran and Pete Be,Dan Attias
Chance- Season 1 ep109,Sara Gran and Pete Be,Dan Attias
Chance- Season 1 ep109,Sara Gran and Pete Be,Dan Attias
Chance- Season 1 ep109,Sara Gran and Pete Be,Dan Attias
Chance- Season 1 ep109,Sara Gran and Pete Be,Dan Attias
Chance- Season 1 ep110,Alexandra Cunningham ,Michael Lehmann
Chance- Season 1 ep110,Alexandra Cunningham ,Michael Lehmann
Chance- Season 1 ep110,Alexandra Cunningham ,Michael Lehmann
Chance- Season 1 ep110,Alexandra Cunningham ,Michael Lehmann
Chance- Season 1 ep110,Alexandra Cunningham ,Michael Lehmann
Chance- Season 1 ep110,Alexandra Cunningham ,Michael Lehmann
Chance - Season 1 Pilot,Lenny Abrahamson,Alexandra Cunningham and Kem Nunn
Chance - Season 1 Pilot,Lenny Abrahamson,Alexandra Cunningham and Kem Nunn
Chance - Season 1 Pilot,Lenny Abrahamson,Alexandra Cunningham and Kem Nunn
Chance - Season 1 Pilot,Lenny Abrahamson,Alexandra Cunningham and Kem Nunn
Chance - Season 1 Pilot,Lenny Abrahamson,Alexandra Cunningham and Kem Nunn
Chance - Season 1 Pilot,Lenny Abrahamson,Alexandra Cunningham and Kem Nunn
Chance - Season 1 Pilot,Lenny Abrahamson,Alexandra Cunningham and Kem Nunn
Chance - Season 1 Pilot,Lenny Abrahamson,Alexandra Cunningham and Kem Nunn
Chance - Season 1 Pilot,Lenny Abrahamson,Alexandra Cunningham and Kem Nunn
Chance - Season 1 Pilot,Lenny Abrahamson,Alexandra Cunningham and Kem Nunn
Chance - Season 1 Pilot,Lenny Abrahamson,Alexandra Cunningham and Kem Nunn
Chance - Season 1 Pilot,Lenny Abrahamson,Alexandra Cunningham and Kem Nunn
Chance - Season 1 Pilot,Lenny Abrahamson,Alexandra Cunningham and Kem Nunn
Chance - Season 1 Pilot,Lenny Abrahamson,Alexandra Cunningham and Kem Nunn
Chance - Season 1 Pilot,Lenny Abrahamson,Alexandra Cunningham and Kem Nunn
Chance - Season 1 Pilot,Lenny Abrahamson,Alexandra Cunningham and Kem Nunn
Chance - Season 1 Pilot,Lenny Abrahamson,Alexandra Cunningham and Kem Nunn
Chance Season 2,Rozann Dawson,Alexandra Cunningham
Chance Season 2,Rozann Dawson,Alexandra Cunningham
Chance Season 2,Rozann Dawson,Alexandra Cunningham
Chance Season 2,Rozann Dawson,Alexandra Cunningham
Chance Season 2,Rozann Dawson,Alexandra Cunningham
Chance Season 2,Rozann Dawson,Alexandra Cunningham
Chance Season 2,Rozann Dawson,Alexandra Cunningham
Chance Season 2,Rozann Dawson,Alexandra Cunningham
Chance Season 2,Rozann Dawson,Alexandra Cunningham
Chance Season 2,Rozann Dawson,Alexandra Cunningham
Chance Season 2,Rozann Dawson,Alexandra Cunningham
Chance Season 2,Rozann Dawson,Alexandra Cunningham
Chance Season 2,Rozann Dawson,Alexandra Cunningham
Chance Season 2,Rozann Dawson,Alexandra Cunningham
Chance Season 2,Rozann Dawson,Alexandra Cunningham
Chance Season 2,Rozann Dawson,Alexandra Cunningham
Chance Season 2,Rozann Dawson,Alexandra Cunningham
Chance Season 2,Rozann Dawson,Alexandra Cunningham
Chance Season 2,Rozann Dawson,Alexandra Cunningham
Chance Season 2,Rozann Dawson,Alexandra Cunningham
Chance Season 2,Rozann Dawson,Alexandra Cunningham
Chance Season 2,Rozann Dawson,Alexandra Cunningham
Chance Season 2,Rozann Dawson,Alexandra Cunningham
Chance Season 2,Rozann Dawson,Alexandra Cunningham
Chance Season 2,Rozann Dawson,Alexandra Cunningham
Chance Season 2,Rozann Dawson,Alexandra Cunningham
Chance Season 2,Rozann Dawson,Alexandra Cunningham
Chance Season 2,Rozann Dawson,Alexandra Cunningham
Chance Season 2,Rozann Dawson,Alexandra Cunningham
Chance Season 2,Rozann Dawson,Alexandra Cunningham
Chan is Missing,Wayne Wang,Wayne Wang
Chan is Missing,Wayne Wang,Wayne Wang
Cherish,Finn Taylor,Finn Taylor
Chu Chu and the Philly Flash,David Lowell Rich,Barbara Dana
Chu Chu and the Philly Flash,David Lowell Rich,Barbara Dana
Chu Chu and the Philly Flash,David Lowell Rich,Barbara Dana
City of Angels,Brad Silberling,Dana Stevens
Class Action,Michael Apted,Carolyn Shelby
Class Action,Michael Apted,Carolyn Shelby
Class Action,Michael Apted,Carolyn Shelby
Clickbait,"Brad Anderson, Emma F","Tony Ayres, Christian White"
Clickbait,"Brad Anderson, Emma F","Tony Ayres, Christian White"
Common Threads: Stories From t,Rob Epstein,Jeffrey Friedman
Confessions of a Burning Man,Paul Barnett,N/A
Copycat,Jon Amiel,Ann Biderman
Copycat,Jon Amiel,Ann Biderman
Copycat,Jon Amiel,Ann Biderman
Copycat,Jon Amiel,Ann Biderman
Copycat,Jon Amiel,Ann Biderman
Copycat,Jon Amiel,Ann Biderman
Crackers,Louis Malle,Jeffrey Fiskin
Crackers,Louis Malle,Jeffrey Fiskin
CSI: NY- episode 903,Vikki Williams,Anthony E. Zuiker
Dark Passage,Delmer Daves,Delmer Daves & David Goodis
Dark Passage,Delmer Daves,Delmer Daves & David Goodis
Dark Passage,Delmer Daves,Delmer Daves & David Goodis
Dawn of the Planet of the Apes,Matt Reeves,Rick Jaffa
Dawn of the Planet of the Apes,Matt Reeves,Rick Jaffa
Dawn of the Planet of the Apes,Matt Reeves,Rick Jaffa
Dawn of the Planet of the Apes,Matt Reeves,Rick Jaffa
Dawn of the Planet of the Apes,Matt Reeves,Rick Jaffa
Dawn of the Planet of the Apes,Matt Reeves,Rick Jaffa
Dawn of the Planet of the Apes,Matt Reeves,Rick Jaffa
Days of Wine and Roses,Blake Edwards,JP Miller
Desperate Measures,Barbet Schroeder,David Klass
DEVS,Alex Garland,Alex Garland
DEVS,Alex Garland,Alex Garland
DEVS,Alex Garland,Alex Garland
DEVS,Alex Garland,Alex Garland
DEVS,Alex Garland,Alex Garland
DEVS,Alex Garland,Alex Garland
DEVS,Alex Garland,Alex Garland
DEVS,Alex Garland,Alex Garland
DEVS,Alex Garland,Alex Garland
DEVS,Alex Garland,Alex Garland
DEVS,Alex Garland,Alex Garland
DEVS,Alex Garland,Alex Garland
DEVS,Alex Garland,Alex Garland
DEVS,Alex Garland,Alex Garland
DEVS,Alex Garland,Alex Garland
DEVS,Alex Garland,Alex Garland
DEVS,Alex Garland,Alex Garland
DEVS,Alex Garland,Alex Garland
DEVS,Alex Garland,Alex Garland
DEVS,Alex Garland,Alex Garland
DEVS,Alex Garland,Alex Garland
DEVS,Alex Garland,Alex Garland
DEVS,Alex Garland,Alex Garland
DEVS,Alex Garland,Alex Garland
DEVS,Alex Garland,Alex Garland
DEVS,Alex Garland,Alex Garland
DEVS,Alex Garland,Alex Garland
DEVS,Alex Garland,Alex Garland
DEVS,Alex Garland,Alex Garland
DEVS,Alex Garland,Alex Garland
DEVS,Alex Garland,Alex Garland
DEVS,Alex Garland,Alex Garland
Dim Sum: A Little Bit of Heart,Wayne Wang,Terrel Seltzer
Dim Sum: A Little Bit of Heart,Wayne Wang,Terrel Seltzer
Dim Sum: A Little Bit of Heart,Wayne Wang,Terrel Seltzer
Dirty Harry,Don Siegel,Harry Julian Fink
Dirty Harry,Don Siegel,Harry Julian Fink
Dirty Harry,Don Siegel,Harry Julian Fink
Dirty Harry,Don Siegel,Harry Julian Fink
Dirty Harry,Don Siegel,Harry Julian Fink
Dirty Harry,Don Siegel,Harry Julian Fink
Dirty Harry,Don Siegel,Harry Julian Fink
Dirty Harry,Don Siegel,Harry Julian Fink
Dirty Harry,Don Siegel,Harry Julian Fink
Dirty Harry,Don Siegel,Harry Julian Fink
Dirty Harry,Don Siegel,Harry Julian Fink
Dirty Harry,Don Siegel,Harry Julian Fink
Dirty Harry,Don Siegel,Harry Julian Fink
Dirty Harry,Don Siegel,Harry Julian Fink
Dirty Harry,Don Siegel,Harry Julian Fink
D.O.A,Rudolph Mate,Russell Rouse
D.O.A,Rudolph Mate,Russell Rouse
D.O.A,Rudolph Mate,Russell Rouse
D.O.A,Rudolph Mate,Russell Rouse
D.O.A,Rudolph Mate,Russell Rouse
D.O.A,Rudolph Mate,Russell Rouse
D.O.A,Rudolph Mate,Russell Rouse
D.O.A,Rudolph Mate,Russell Rouse
D.O.A,Rudolph Mate,Russell Rouse
Doctor Dolittle,Betty Thomas,Nat Mauldin
Doctor Dolittle,Betty Thomas,Nat Mauldin
Doctor Dolittle,Betty Thomas,Nat Mauldin
Doctor Dolittle,Betty Thomas,Nat Mauldin
Doctor Dolittle,Betty Thomas,Nat Mauldin
Doctor Dolittle,Betty Thomas,Nat Mauldin
Doctor Dolittle,Betty Thomas,Nat Mauldin
Dopamine,Mark Decena,Mark Decena & Timothy Breitbach
Dopamine,Mark Decena,Mark Decena & Timothy Breitbach
Down Periscope,David S. Ward,Hugh Wilson
Dr. Dolittle 2,Steve Carr,Larry Levin
Dr. Dolittle 2,Steve Carr,Larry Levin
Dr. Dolittle 2,Steve Carr,Larry Levin
Dr. Dolittle 2,Steve Carr,Larry Levin
Dr. Dolittle 2,Steve Carr,Larry Levin
Dream for an Insomniac,Tiffanie DeBartolo,Tiffanie DeBartolo
Dream for an Insomniac,Tiffanie DeBartolo,Tiffanie DeBartolo
Dream with the Fishes,Finn Taylor,Finn Taylor & Jeffrey Brown
Dream with the Fishes,Finn Taylor,Finn Taylor & Jeffrey Brown
Dying Young,Joel Schumacher,Richard Friedenberg
Edtv,Ron Howard,Lowell Ganz
Edtv,Ron Howard,Lowell Ganz
Edtv,Ron Howard,Lowell Ganz
Edtv,Ron Howard,Lowell Ganz
Edtv,Ron Howard,Lowell Ganz
Edtv,Ron Howard,Lowell Ganz
Edtv,Ron Howard,Lowell Ganz
Edtv,Ron Howard,Lowell Ganz
Edtv,Ron Howard,Lowell Ganz
Escape From Alcatraz,Donald Siegel,Richard Tuggle
Etruscan Smile,Oded Binnun/ Michel B,"Sarah Bellwood, Michal Lali Kagan, Michael McGowan Am"
Etruscan Smile,Oded Binnun/ Michel B,"Sarah Bellwood, Michal Lali Kagan, Michael McGowan Am"
Etruscan Smile,Oded Binnun/ Michel B,"Sarah Bellwood, Michal Lali Kagan, Michael McGowan Am"
Etruscan Smile,Oded Binnun/ Michel B,"Sarah Bellwood, Michal Lali Kagan, Michael McGowan Am"
Etruscan Smile,Oded Binnun/ Michel B,"Sarah Bellwood, Michal Lali Kagan, Michael McGowan Am"
Etruscan Smile,Oded Binnun/ Michel B,"Sarah Bellwood, Michal Lali Kagan, Michael McGowan Am"
Etruscan Smile,Oded Binnun/ Michel B,"Sarah Bellwood, Michal Lali Kagan, Michael McGowan Am"
Etruscan Smile,Oded Binnun/ Michel B,"Sarah Bellwood, Michal Lali Kagan, Michael McGowan Am"
Etruscan Smile,Oded Binnun/ Michel B,"Sarah Bellwood, Michal Lali Kagan, Michael McGowan Am"
Etruscan Smile,Oded Binnun/ Michel B,"Sarah Bellwood, Michal Lali Kagan, Michael McGowan Am"
Etruscan Smile,Oded Binnun/ Michel B,"Sarah Bellwood, Michal Lali Kagan, Michael McGowan Am"
Etruscan Smile,Oded Binnun/ Michel B,"Sarah Bellwood, Michal Lali Kagan, Michael McGowan Am"
Etruscan Smile,Oded Binnun/ Michel B,"Sarah Bellwood, Michal Lali Kagan, Michael McGowan Am"
Etruscan Smile,Oded Binnun/ Michel B,"Sarah Bellwood, Michal Lali Kagan, Michael McGowan Am"
Etruscan Smile,Oded Binnun/ Michel B,"Sarah Bellwood, Michal Lali Kagan, Michael McGowan Am"
Etruscan Smile,Oded Binnun/ Michel B,"Sarah Bellwood, Michal Lali Kagan, Michael McGowan Am"
Etruscan Smile,Oded Binnun/ Michel B,"Sarah Bellwood, Michal Lali Kagan, Michael McGowan Am"
Etruscan Smile,Oded Binnun/ Michel B,"Sarah Bellwood, Michal Lali Kagan, Michael McGowan Am"
Etruscan Smile,Oded Binnun/ Michel B,"Sarah Bellwood, Michal Lali Kagan, Michael McGowan Am"
Etruscan Smile,Oded Binnun/ Michel B,"Sarah Bellwood, Michal Lali Kagan, Michael McGowan Am"
Etruscan Smile,Oded Binnun/ Michel B,"Sarah Bellwood, Michal Lali Kagan, Michael McGowan Am"
Etruscan Smile,Oded Binnun/ Michel B,"Sarah Bellwood, Michal Lali Kagan, Michael McGowan Am"
Etruscan Smile,Oded Binnun/ Michel B,"Sarah Bellwood, Michal Lali Kagan, Michael McGowan Am"
Etruscan Smile,Oded Binnun/ Michel B,"Sarah Bellwood, Michal Lali Kagan, Michael McGowan Am"
Etruscan Smile,Oded Binnun/ Michel B,"Sarah Bellwood, Michal Lali Kagan, Michael McGowan Am"
Etruscan Smile,Oded Binnun/ Michel B,"Sarah Bellwood, Michal Lali Kagan, Michael McGowan Am"
Etruscan Smile,Oded Binnun/ Michel B,"Sarah Bellwood, Michal Lali Kagan, Michael McGowan Am"
Etruscan Smile,Oded Binnun/ Michel B,"Sarah Bellwood, Michal Lali Kagan, Michael McGowan Am"
Experiment in Terror,Blake Edwards,The Gordons
Experiment in Terror,Blake Edwards,The Gordons
Experiment in Terror,Blake Edwards,The Gordons
Experiment in Terror,Blake Edwards,The Gordons
Experiment in Terror,Blake Edwards,The Gordons
Experiment in Terror,Blake Edwards,The Gordons
Experiment in Terror,Blake Edwards,The Gordons
Experiment in Terror,Blake Edwards,The Gordons
Experiment in Terror,Blake Edwards,The Gordons
Faces of Death,Conan Le Cilaire,Alan Black
Family Plot,Alfred Hitchcock,Ernest Lehman
Family Plot,Alfred Hitchcock,Ernest Lehman
Family Plot,Alfred Hitchcock,Ernest Lehman
Family Plot,Alfred Hitchcock,Ernest Lehman
Fandom,Nicholas Tucker,Nicholas Tucker & Mark Hefti
Fathers' Day,Ivan Reitman,Lowell Ganz
Fat Man and Little Boy,Roland Joffe,Roland Joffe
Fearless,Peter Weir,Rafael Yglesias
Fearless,Peter Weir,Rafael Yglesias
Fearless,Peter Weir,Rafael Yglesias
Fearless,Peter Weir,Rafael Yglesias
Fearless,Peter Weir,Rafael Yglesias
Fearless,Peter Weir,Rafael Yglesias
Fearless,Peter Weir,Rafael Yglesias
Fearless,Peter Weir,Rafael Yglesias
Fearless,Peter Weir,Rafael Yglesias
Final Analysis,Phil Joanou,Robert Berger
Final Analysis,Phil Joanou,Robert Berger
Final Analysis,Phil Joanou,Robert Berger
Final Analysis,Phil Joanou,Robert Berger
Final Analysis,Phil Joanou,Robert Berger
Flower Drum Song,Henry Koster,Joseph Fields
Flower Drum Song,Henry Koster,Joseph Fields
Flubber,Les Mayfield,Samuel W. Taylor
Forrest Gump,Robert Zemeckis,Eric Roth
Foul Play,Colin Higgins,Colin Higgins
Foul Play,Colin Higgins,Colin Higgins
Foul Play,Colin Higgins,Colin Higgins
Foul Play,Colin Higgins,Colin Higgins
Foul Play,Colin Higgins,Colin Higgins
Foul Play,Colin Higgins,Colin Higgins
Foul Play,Colin Higgins,Colin Higgins
Foul Play,Colin Higgins,Colin Higgins
Foul Play,Colin Higgins,Colin Higgins
Foul Play,Colin Higgins,Colin Higgins
Foul Play,Colin Higgins,Colin Higgins
Foul Play,Colin Higgins,Colin Higgins
Foul Play,Colin Higgins,Colin Higgins
Foul Play,Colin Higgins,Colin Higgins
Foul Play,Colin Higgins,Colin Higgins
Foul Play,Colin Higgins,Colin Higgins
Foul Play,Colin Higgins,Colin Higgins
Foul Play,Colin Higgins,Colin Higgins
Foul Play,Colin Higgins,Colin Higgins
Foul Play,Colin Higgins,Colin Higgins
Foul Play,Colin Higgins,Colin Higgins
Foul Play,Colin Higgins,Colin Higgins
Freebie and the Bean,Richard Rush,Robert Kaufman
Freebie and the Bean,Richard Rush,Robert Kaufman
Freebie and the Bean,Richard Rush,Robert Kaufman
Freebie and the Bean,Richard Rush,Robert Kaufman
Freebie and the Bean,Richard Rush,Robert Kaufman
Freebie and the Bean,Richard Rush,Robert Kaufman
Freebie and the Bean,Richard Rush,Robert Kaufman
Freebie and the Bean,Richard Rush,Robert Kaufman
Freebie and the Bean,Richard Rush,Robert Kaufman
Freebie and the Bean,Richard Rush,Robert Kaufman
Freebie and the Bean,Richard Rush,Robert Kaufman
Freebie and the Bean,Richard Rush,Robert Kaufman
Freebie and the Bean,Richard Rush,Robert Kaufman
Gentleman Jim,Raoul Walsh,Vincent Lawrence
George of the Jungle,Sam Weisman,Jay Ward
George of the Jungle,Sam Weisman,Jay Ward
George of the Jungle,Sam Weisman,Jay Ward
George of the Jungle,Sam Weisman,Jay Ward
George of the Jungle,Sam Weisman,Jay Ward
Getting Even with Dad,Howard Dutch,Tom S. Parker
Getting Even with Dad,Howard Deutch,Tom S. Parker
Getting Even with Dad,Howard Deutch,Tom S. Parker
Getting Even with Dad,Howard Deutch,Tom S. Parker
Getting Even with Dad,Howard Deutch,Tom S. Parker
Getting Even with Dad,Howard Deutch,Tom S. Parker
Getting Even with Dad,Howard Deutch,Tom S. Parker
Getting Even with Dad,Howard Deutch,Tom S. Parker
Getting Even with Dad,Howard Deutch,Tom S. Parker
Getting Even with Dad,Howard Deutch,Tom S. Parker
GirlBoss,"Jamie Babbit, Amanda ",Kay Cannon
GirlBoss,"Jamie Babbit, Amanda ",Kay Cannon
GirlBoss,"Jamie Babbit, Amanda ",Kay Cannon
GirlBoss,"Jamie Babbit, Amanda ",Kay Cannon
GirlBoss,"Jamie Babbit, Amanda ",Kay Cannon
GirlBoss,"Jamie Babbit, Amanda ",Kay Cannon
GirlBoss,"Jamie Babbit, Amanda ",Kay Cannon
GirlBoss,"Jamie Babbit, Amanda ",Kay Cannon
GirlBoss,"Jamie Babbit, Amanda ",Kay Cannon
GirlBoss,"Jamie Babbit, Amanda ",Kay Cannon
GirlBoss,"Jamie Babbit, Amanda ",Kay Cannon
GirlBoss,"Jamie Babbit, Amanda ",Kay Cannon
GirlBoss,"Jamie Babbit, Amanda ",Kay Cannon
GirlBoss,"Jamie Babbit, Amanda ",Kay Cannon
GirlBoss,"Jamie Babbit, Amanda ",Kay Cannon
GirlBoss,"Jamie Babbit, Amanda ",Kay Cannon
GirlBoss,"Jamie Babbit, Amanda ",Kay Cannon
GirlBoss,"Jamie Babbit, Amanda ",Kay Cannon
GirlBoss,"Jamie Babbit, Amanda ",Kay Cannon
GirlBoss,"Jamie Babbit, Amanda ",Kay Cannon
GirlBoss,"Jamie Babbit, Amanda ",Kay Cannon
God is a Communist?* (show me ,Jon Poznanter,Jon Poznanter
Godzilla,Gareth Edwards,Max Borenstein
Godzilla,Gareth Edwards,Max Borenstein
Godzilla,Gareth Edwards,Max Borenstein
Godzilla,Gareth Edwards,Max Borenstein
Godzilla,Gareth Edwards,Max Borenstein
Godzilla,Gareth Edwards,Max Borenstein
Godzilla,Gareth Edwards,Max Borenstein
Godzilla,Gareth Edwards,Max Borenstein
Godzilla,Gareth Edwards,Max Borenstein
Godzilla,Gareth Edwards,Max Borenstein
Godzilla,Gareth Edwards,Max Borenstein
Godzilla,Gareth Edwards,Max Borenstein
Godzilla,Gareth Edwards,Max Borenstein
Godzilla,Gareth Edwards,Max Borenstein
Godzilla,Gareth Edwards,Max Borenstein
Godzilla,Gareth Edwards,Max Borenstein
Golden Gate,John Madden,David Henry Hwang
Golden Gate,Howard Deutch,David Henry Hwang
Golden Gate,John Madden,David Henry Hwang
Golden Gate,John Madden,David Henry Hwang
Golden Gate,John Madden,David Henry Hwang
Goliath- Season 4,"Billy Bob Thornton, L","David E. Kelley, Jonathan Shapiro"
Goliath- Season 4,"Billy Bob Thornton, L","David E. Kelley, Jonathan Shapiro"
Goliath- Season 4,"Billy Bob Thornton, L","David E. Kelley, Jonathan Shapiro"
Goliath- Season 4,"Billy Bob Thornton, L","David E. Kelley, Jonathan Shapiro"
Goliath- Season 4,"Billy Bob Thornton, L","David E. Kelley, Jonathan Shapiro"
Goliath- Season 4,"Billy Bob Thornton, L","David E. Kelley, Jonathan Shapiro"
Goliath- Season 4,"Billy Bob Thornton, L","David E. Kelley, Jonathan Shapiro"
Goliath- Season 4,"Billy Bob Thornton, L","David E. Kelley, Jonathan Shapiro"
Goliath- Season 4,"Billy Bob Thornton, L","David E. Kelley, Jonathan Shapiro"
Goliath- Season 4,"Billy Bob Thornton, L","David E. Kelley, Jonathan Shapiro"
Goliath- Season 4,"Billy Bob Thornton, L","David E. Kelley, Jonathan Shapiro"
Goliath- Season 4,"Billy Bob Thornton, L","David E. Kelley, Jonathan Shapiro"
Goliath- Season 4,"Billy Bob Thornton, L","David E. Kelley, Jonathan Shapiro"
Goliath- Season 4,"Billy Bob Thornton, L","David E. Kelley, Jonathan Shapiro"
Goliath- Season 4,"Billy Bob Thornton, L","David E. Kelley, Jonathan Shapiro"
Goliath- Season 4,"Billy Bob Thornton, L","David E. Kelley, Jonathan Shapiro"
Goliath- Season 4,"Billy Bob Thornton, L","David E. Kelley, Jonathan Shapiro"
Goliath- Season 4,"Billy Bob Thornton, L","David E. Kelley, Jonathan Shapiro"
Good NeighborSam,David Swift,James Fritzell
Greed,Eric von Stroheim,Eric von Stroheim
Greed,Eric von Stroheim,Eric von Stroheim
Greed,Eric von Stroheim,Eric von Stroheim
Groove,Greg Harrison,Greg Harrison
Groove,Greg Harrison,Greg Harrison
Groove,Greg Harrison,Greg Harrison
Guess Who's Coming to Dinner,Stanley Kramer,William Rose
Guess Who's Coming to Dinner,Stanley Kramer,William Rose
Guess Who's Coming to Dinner,Stanley Kramer,William Rose
Guess Who's Coming to Dinner,Stanley Kramer,William Rose
Haiku Tunnel,Jakob Kornbluth & Jos,Jakob Kornbluth & Josh Kornbluth
Happy Gilmore,Dennis Dugan,Tim Herlihy
Hard to Hold,Larry Peerce,"Thomas Hedley, Jr."
Harold and Maude,Hal Ashby,Colin Higgins
Harold and Maude,Hal Ashby,Colin Higgins
Harold and Maude,Hal Ashby,Colin Higgins
Heart and Souls,Tomas Gislason,Tomas Gislason
Heart and Souls,Tomas Gislason,Tomas Gislason
Heart and Souls,Tomas Gislason,Tomas Gislason
Heart and Souls,Tomas Gislason,Tomas Gislason
Heart Beat,John Byrum,John Byrum
Heart Beat,John Byrum,John Byrum
Heart Beat,John Byrum,John Byrum
"Hello Frisco, Hello",Bruce Humberstone,Robert Ellis
Hemingway & Gelhorn,Philip Kaufman,Jerry Stahl & Barbara Turner
Herbie Rides Again,Robert Stevenson,Bill Walsh
Herbie Rides Again,Robert Stevenson,Bill Walsh
Herbie Rides Again,Robert Stevenson,Bill Walsh
Hereafter,Clint Eastwood,Peter Morgan
Hereafter,Clint Eastwood,Peter Morgan
Hereafter,Clint Eastwood,Peter Morgan
High Anxiety,Mel Brooks,Mel Brooks
High Anxiety,Mel Brooks,Mel Brooks
High Anxiety,Mel Brooks,Mel Brooks
High Crimes,Mel Brooks,Mel Brooks
High Crimes,Carl Franklin,Yuri Zeltser
High Crimes,Mel Brooks,Mel Brooks
High Crimes,Mel Brooks,Mel Brooks
High Crimes,Mel Brooks,Mel Brooks
High Crimes,Mel Brooks,Mel Brooks
High Crimes,Mel Brooks,Mel Brooks
Homeward Bound II: Lost in San,David R. Ellis,Sheila Burnford
House of Sand and Fog,Vadim Perelman,Vadim Perelman
How Stella Got Her Groove Back,Kevin Rodney Sullivan,Terry McMillan
Hulk,Ang Lee,Stan Lee
Hulk,Ang Lee,Stan Lee
Hulk,Ang Lee,Stan Lee
Hulk,Ang Lee,Stan Lee
I Am Michael,Justin Kelly,Justin Kelly
I Am Michael,Justin Kelly,Justin Kelly
I Am Michael,Justin Kelly,Justin Kelly
I Am Michael,Justin Kelly,Justin Kelly
I Am Michael,Justin Kelly,Justin Kelly
I Am Michael,Justin Kelly,Justin Kelly
I Am Michael,Justin Kelly,Justin Kelly
Indiana Jones and the Last Cru,Steven Spielberg,Jeffrey Boam
Innerspace,Joe Dante,Chip Proser
Innerspace,Joe Dante,Chip Proser
Innerspace,Joe Dante,Chip Proser
Interview With The Vampire,Neil Jordan,Anne Rice
Interview With The Vampire,Neil Jordan,Anne Rice
Interview With The Vampire,Neil Jordan,Anne Rice
Interview With The Vampire,Neil Jordan,Anne Rice
Invasion of the Body Snatchers,Philip Kaufman,Jack Finney
Invasion of the Body Snatchers,Philip Kaufman,Jack Finney
Invasion of the Body Snatchers,Philip Kaufman,Jack Finney
Invasion of the Body Snatchers,Philip Kaufman,Jack Finney
Invasion of the Body Snatchers,Philip Kaufman,Jack Finney
Invasion of the Body Snatchers,Philip Kaufman,Jack Finney
Invasion of the Body Snatchers,Philip Kaufman,Jack Finney
Invasion of the Body Snatchers,Philip Kaufman,Jack Finney
Invasion of the Body Snatchers,Philip Kaufman,Jack Finney
Invasion of the Body Snatchers,Philip Kaufman,Jack Finney
Invasion of the Body Snatchers,Philip Kaufman,Jack Finney
Invasion of the Body Snatchers,Philip Kaufman,Jack Finney
Invasion of the Body Snatchers,Philip Kaufman,Jack Finney
Invasion of the Body Snatchers,Philip Kaufman,Jack Finney
Invasion of the Body Snatchers,Philip Kaufman,Jack Finney
Invasion of the Body Snatchers,Philip Kaufman,Jack Finney
I Remember Mama,George Stevens,DeWitt Bodeen
I Remember Mama,George Stevens,DeWitt Bodeen
I Remember Mama,George Stevens,DeWitt Bodeen
I's,Chris Edgette,Kyle Tuck
It Came From Beneath the Sea,Robert Gordon,George Worthing Yates
It Came From Beneath the Sea,Robert Gordon,George Worthing Yates
It Came From Beneath the Sea,Robert Gordon,George Worthing Yates
Jack,Francis Ford Coppola,James DeMonaco
Jade,William Friedkin,Joe Eszterhas
Jade,William Friedkin,Joe Eszterhas
Jade,William Friedkin,Joe Eszterhas
Jade,William Friedkin,Joe Eszterhas
Jade,William Friedkin,Joe Eszterhas
Jade,William Friedkin,Joe Eszterhas
Jade,William Friedkin,Joe Eszterhas
Jade,William Friedkin,Joe Eszterhas
Jade,William Friedkin,Joe Eszterhas
Jagged Edge,Richard Marquand,Joe Eszterhas
Jagged Edge,Richard Marquand,Joe Eszterhas
James and the Giant Peach,Henry Selick,Karey Kirkpatrick
Joy Luck Club,Wayne Wang,Amy Tan
Joy Luck Club,Wayne Wang,Amy Tan
Joy Luck Club,Wayne Wang,Amy Tan
Joy Luck Club,Wayne Wang,Amy Tan
Joy Luck Club,Wayne Wang,Amy Tan
Joy Luck Club,Wayne Wang,Amy Tan
Julie and Jack,James Nguyen,James Nguyen & Joe Bright
Junior,Ivan Reitman,Kevin Wade
Junior,Ivan Reitman,Kevin Wade
Junior,Ivan Reitman,Kevin Wade
Junior,Ivan Reitman,Kevin Wade
Junior,Ivan Reitman,Kevin Wade
Junior,Ivan Reitman,Kevin Wade
Junior,Ivan Reitman,Kevin Wade
Just Like Heaven,Mark Waters,Peter Tolan
Just One Night,Alan Jacobs,Alan Jacobs
Kamikaze Hearts,Juliet Bashore,Juliet Bashore
Knife Fight,Bill Guttentag,Bill Guttentag & Chris Lehane
Knife Fight,Bill Guttentag,Bill Guttentag & Chris Lehane
Knife Fight,Bill Guttentag,Bill Guttentag & Chris Lehane
Live Nude Girls Unite,Vicky Funari,Vicky Funari
Looking,Andrew Haigh,Michael Lannan
Looking,Andrew Haigh,Michael Lannan
Looking,Andrew Haigh,Michael Lannan
Looking,Andrew Haigh,Michael Lannan
Looking,Andrew Haigh,Michael Lannan
Looking,Andrew Haigh,Michael Lannan
Looking,Andrew Haigh,Michael Lannan
Looking,Andrew Haigh,Michael Lannan
Looking,Andrew Haigh,Michael Lannan
Looking,Andrew Haigh,Michael Lannan
Looking,Andrew Haigh,Michael Lannan
Looking,Andrew Haigh,Michael Lannan
Looking,Andrew Haigh,Michael Lannan
Looking,Andrew Haigh,Michael Lannan
Looking,Andrew Haigh,Michael Lannan
Looking,Andrew Haigh,Michael Lannan
Looking,Andrew Haigh,Michael Lannan
Looking,Andrew Haigh,Michael Lannan
Looking,Andrew Haigh,Michael Lannan
Looking,Andrew Haigh,Michael Lannan
Looking,Andrew Haigh,Michael Lannan
Looking,Andrew Haigh,Michael Lannan
Looking,Andrew Haigh,Michael Lannan
Looking,Andrew Haigh,Michael Lannan
Looking,Andrew Haigh,Michael Lannan
Looking,Andrew Haigh,Michael Lannan
Looking,Andrew Haigh,Michael Lannan
Looking,Andrew Haigh,Michael Lannan
Looking,Andrew Haigh,Michael Lannan
Looking,Andrew Haigh,Michael Lannan
Looking,Andrew Haigh,Michael Lannan
Looking,Andrew Haigh,Michael Lannan
Looking,Andrew Haigh,Michael Lannan
Looking,Andrew Haigh,Michael Lannan
Looking,Andrew Haigh,Michael Lannan
Looking,Andrew Haigh,Michael Lannan
Looking,Andrew Haigh,Michael Lannan
Looking,Andrew Haigh,Michael Lannan
Looking,Andrew Haigh,Michael Lannan
Looking,Andrew Haigh,Michael Lannan
Looking,Andrew Haigh,Michael Lannan
Looking Season 2 ep 202,Andrew Haigh,Michael Lannan
Looking Season 2 ep 202,Andrew Haigh,Michael Lannan
Looking Season 2 ep 202,Andrew Haigh,Michael Lannan
Looking Season 2 ep 202,Andrew Haigh,Michael Lannan
Looking Season 2 ep 202,Andrew Haigh,Michael Lannan
Looking Season 2 ep 202,Andrew Haigh,Michael Lannan
Looking Season 2 ep 202,Andrew Haigh,Michael Lannan
Looking Season 2 ep 202,Andrew Haigh,Michael Lannan
Looking Season 2 ep 202,Andrew Haigh,Michael Lannan
Looking Season 2 ep 202,Andrew Haigh,Michael Lannan
Looking Season 2 ep 203,Andrew Haigh,Michael Lannan
Looking Season 2 ep 203,Andrew Haigh,Michael Lannan
Looking Season 2 ep 203,Andrew Haigh,Michael Lannan
Looking Season 2 ep 203,Andrew Haigh,Michael Lannan
Looking Season 2 ep 203,Andrew Haigh,Michael Lannan
Looking Season 2 ep 203,Andrew Haigh,Michael Lannan
Looking Season 2 ep 203,Andrew Haigh,Michael Lannan
Looking Season 2 ep 203,Andrew Haigh,Michael Lannan
Looking Season 2 ep 204,Andrew Haigh,Michael Lannan
Looking Season 2 ep 204,Andrew Haigh,Michael Lannan
Looking Season 2 ep 204,Andrew Haigh,Michael Lannan
Looking Season 2 ep 204,Andrew Haigh,Michael Lannan
Looking Season 2 ep 204,Andrew Haigh,Michael Lannan
Looking Season 2 ep 204,Andrew Haigh,Michael Lannan
Looking Season 2 ep 204,Andrew Haigh,Michael Lannan
Looking Season 2 ep 204,Andrew Haigh,Michael Lannan
Looking Season 2 ep 204,Andrew Haigh,Michael Lannan
Looking Season 2 ep 204,Andrew Haigh,Michael Lannan
Looking Season 2 ep 204,Andrew Haigh,Michael Lannan
Looking Season 2 ep 204,Andrew Haigh,Michael Lannan
Looking Season 2 ep 205,Andrew Haigh,Michael Lannan
Looking Season 2 ep 205,Andrew Haigh,Michael Lannan
Looking Season 2 ep 205,Andrew Haigh,Michael Lannan
Looking Season 2 ep 205,Andrew Haigh,Michael Lannan
Looking Season 2 ep 205,Andrew Haigh,Michael Lannan
Looking Season 2 ep 205,Andrew Haigh,Michael Lannan
Looking Season 2 ep 206,Andrew Haigh,Michael Lannan
Looking Season 2 ep 206,Andrew Haigh,Michael Lannan
Looking Season 2 ep 206,Andrew Haigh,Michael Lannan
Looking Season 2 ep 207,Andrew Haigh,Michael Lannan
Looking Season 2 ep 207,Andrew Haigh,Michael Lannan
Looking Season 2 ep 207,Andrew Haigh,Michael Lannan
Looking Season 2 ep 207,Andrew Haigh,Michael Lannan
Looking Season 2 ep 208,Andrew Haigh,Michael Lannan
Looking Season 2 ep 208,Andrew Haigh,Michael Lannan
Looking Season 2 ep 208,Andrew Haigh,Michael Lannan
Looking Season 2 ep 208,Andrew Haigh,Michael Lannan
Looking Season 2 ep 208,Andrew Haigh,Michael Lannan
Looking Season 2 ep 209,Andrew Haigh,Michael Lannan
Looking Season 2 ep 209,Andrew Haigh,Michael Lannan
Looking Season 2 ep 209,Andrew Haigh,Michael Lannan
Looking Season 2 ep 209,Andrew Haigh,Michael Lannan
Looking Season 2 ep 209,Andrew Haigh,Michael Lannan
Looking Season 2 ep 209,Andrew Haigh,Michael Lannan
Looking Season 2 ep 209,Andrew Haigh,Michael Lannan
Looking Season 2 ep 209,Andrew Haigh,Michael Lannan
Looking Season 2 ep 210,Andrew Haigh,Michael Lannan
Looking Season 2 ep 210,Andrew Haigh,Michael Lannan
Looking Season 2 ep 210,Andrew Haigh,Michael Lannan
Looking Season 2 ep 210,Andrew Haigh,Michael Lannan
Looking Season 2 ep 210,Andrew Haigh,Michael Lannan
Looking Season 2 ep 210,Andrew Haigh,Michael Lannan
Looking Season 2 ep 210,Andrew Haigh,Michael Lannan
Looking Season 2 ep 210,Andrew Haigh,Michael Lannan
Looking Season 2 ep 210,Andrew Haigh,Michael Lannan
"Looking ""Special""",Andrew Haigh,Michael Lannan
"Looking ""Special""",Andrew Haigh,Michael Lannan
"Looking ""Special""",Andrew Haigh,Michael Lannan
"Looking ""Special""",Andrew Haigh,Michael Lannan
"Looking ""Special""",Andrew Haigh,Michael Lannan
"Looking ""Special""",Andrew Haigh,Michael Lannan
"Looking ""Special""",Andrew Haigh,Michael Lannan
"Looking ""Special""",Andrew Haigh,Michael Lannan
"Looking ""Special""",Andrew Haigh,Michael Lannan
"Looking ""Special""",Andrew Haigh,Michael Lannan
"Looking ""Special""",Andrew Haigh,Michael Lannan
"Looking ""Special""",Andrew Haigh,Michael Lannan
"Looking ""Special""",Andrew Haigh,Michael Lannan
"Looking ""Special""",Andrew Haigh,Michael Lannan
"Looking ""Special""",Andrew Haigh,Michael Lannan
"Looking ""Special""",Andrew Haigh,Michael Lannan
"Looking ""Special""",Andrew Haigh,Michael Lannan
"Looking ""Special""",Andrew Haigh,Michael Lannan
"Looking ""Special""",Andrew Haigh,Michael Lannan
Love & Taxes,Jacob Kornbluth,Jacob Kornbluth
Love & Taxes,Jacob Kornbluth,Jacob Kornbluth
Love & Taxes,Jacob Kornbluth,Jacob Kornbluth
Magnum Force,Ted Post,John Milius
Magnum Force,Ted Post,John Milius
Magnum Force,Ted Post,John Milius
Magnum Force,Ted Post,John Milius
Magnum Force,Ted Post,John Milius
Magnum Force,Ted Post,John Milius
Magnum Force,Ted Post,John Milius
Magnum Force,Ted Post,John Milius
Magnum Force,Ted Post,John Milius
Magnum Force,Ted Post,John Milius
Magnum Force,Ted Post,John Milius
Magnum Force,Ted Post,John Milius
Magnum Force,Ted Post,John Milius
Magnum Force,Ted Post,John Milius
Magnum Force,Ted Post,John Milius
Marnie,Alfred Hitchcock,Jay Presson Allen
Maxie,Paul Aaron,Patricia Resnick
Maxie,Paul Aaron,Patricia Resnick
Maxie,Paul Aaron,Patricia Resnick
Memoirs of an Invisible Man,John Carpenter,Robert Collector
Metro,Thomas Carter,Randy Feldman
Midnight Lace,David Miller,Ivan Goff
Milk,Gus Van Sant,Dustin Lance Black
Milk,Gus Van Sant,Dustin Lance Black
Milk,Gus Van Sant,Dustin Lance Black
Milk,Gus Van Sant,Dustin Lance Black
Milk,Gus Van Sant,Dustin Lance Black
Milk,Gus Van Sant,Dustin Lance Black
Milk,Gus Van Sant,Dustin Lance Black
Milk,Gus Van Sant,Dustin Lance Black
Milk,Gus Van Sant,Dustin Lance Black
Milk,Gus Van Sant,Dustin Lance Black
Milk,Gus Van Sant,Dustin Lance Black
Milk,Gus Van Sant,Dustin Lance Black
Mission (aka City of Bars),Loren Marsh,Loren Marsh
Mission (aka City of Bars),Loren Marsh,Loren Marsh
Mona Lisa Smile,Mike Newell,Lawrence Konner
Mother,Albert Brooks,Albert Brooks
Mother,Albert Brooks,Albert Brooks
Mrs. Doubtfire,Chris Columbus,Randi Mayem Singer
Mrs. Doubtfire,Chris Columbus,Randi Mayem Singer
Mrs. Doubtfire,Chris Columbus,Randi Mayem Singer
Mrs. Doubtfire,Chris Columbus,Randi Mayem Singer
Mrs. Doubtfire,Chris Columbus,Randi Mayem Singer
Mrs. Doubtfire,Chris Columbus,Randi Mayem Singer
Mrs. Doubtfire,Chris Columbus,Randi Mayem Singer
"Murder in the First, Season 1",Steven Bochcho,Eric Lodal
"Murder in the First, Season 1",Steven Bochcho,Eric Lodal
"Murder in the First, Season 1",Steven Bochcho,Eric Lodal
"Murder in the First, Season 1",Steven Bochcho,Eric Lodal
"Murder in the First, Season 1",Steven Bochcho,Eric Lodal
"Murder in the First, Season 1",Steven Bochcho,Eric Lodal
"Murder in the First, Season 1",Steven Bochcho,Eric Lodal
"Murder in the First, Season 1",Steven Bochcho,Eric Lodal
"Murder in the First, Season 1",Steven Bochcho,Eric Lodal
"Murder in the First, Season 1",Steven Bochcho,Eric Lodal
"Murder in the First, Season 1",Steven Bochcho,Eric Lodal
"Murder in the First, Season 1",Steven Bochcho,Eric Lodal
"Murder in the First, Season 1",Steven Bochcho,Eric Lodal
"Murder in the First, Season 1",Steven Bochcho,Eric Lodal
"Murder in the First, Season 1",Steven Bochcho,Eric Lodal
"Murder in the First, Season 1",Steven Bochcho,Eric Lodal
"Murder in the First, Season 1",Steven Bochcho,Eric Lodal
"Murder in the First, Season 1",Steven Bochcho,Eric Lodal
"Murder in the First, Season 1",Steven Bochcho,Eric Lodal
"Murder in the First, Season 1",Steven Bochcho,Eric Lodal
"Murder in the First, Season 1",Steven Bochcho,Eric Lodal
"Murder in the First, Season 1",Steven Bochcho,Eric Lodal
"Murder in the First, Season 1",Steven Bochcho,Eric Lodal
"Murder in the First, Season 1",Steven Bochcho,Eric Lodal
"Murder in the First, Season 1",Steven Bochcho,Eric Lodal
"Murder in the First, Season 2",Steven Bochcho,Eric Lodal
"Murder in the First, Season 2",Steven Bochcho,Eric Lodal
"Murder in the First, Season 2",Steven Bochcho,Eric Lodal
"Murder in the First, Season 2",Steven Bochcho,Eric Lodal
"Murder in the First, Season 2",Steven Bochcho,Eric Lodal
"Murder in the First, Season 2",Steven Bochcho,Eric Lodal
"Murder in the First, Season 2",Steven Bochcho,Eric Lodal
"Murder in the First, Season 2",Steven Bochcho,Eric Lodal
"Murder in the First, Season 2",Steven Bochcho,Eric Lodal
"Murder in the First, Season 2",Steven Bochcho,Eric Lodal
"Murder in the First, Season 2",Steven Bochcho,Eric Lodal
"Murder in the First, Season 2",Steven Bochcho,Eric Lodal
"Murder in the First, Season 2",Steven Bochcho,Eric Lodal
"Murder in the First, Season 2",Steven Bochcho,Eric Lodal
"Murder in the First, Season 2",Steven Bochcho,Eric Lodal
"Murder in the First, Season 2",Steven Bochcho,Eric Lodal
"Murder in the First, Season 2",Steven Bochcho,Eric Lodal
"Murder in the First, Season 2",Steven Bochcho,Eric Lodal
"Murder in the First, Season 3",Steven Bochcho,Eric Lodal
"Murder in the First, Season 3",Steven Bochcho,Eric Lodal
"Murder in the First, Season 3",Steven Bochcho,Eric Lodal
"Murder in the First, Season 3",Steven Bochcho,Eric Lodal
"Murder in the First, Season 3",Steven Bochcho,Eric Lodal
"Murder in the First, Season 3",Steven Bochcho,Eric Lodal
"Murder in the First, Season 3",Steven Bochcho,Eric Lodal
"Murder in the First, Season 3",Steven Bochcho,Eric Lodal
"Murder in the First, Season 3",Steven Bochcho,Eric Lodal
"Murder in the First, Season 3",Steven Bochcho,Eric Lodal
"Murder in the First, Season 3",Steven Bochcho,Eric Lodal
"Murder in the First, Season 3",Steven Bochcho,Eric Lodal
"Murder in the First, Season 3",Steven Bochcho,Eric Lodal
"Murder in the First, Season 3",Steven Bochcho,Eric Lodal
"Murder in the First, Season 3",Steven Bochcho,Eric Lodal
Need For Speed,Scott Waugh,George Gatins
Need For Speed,Scott Waugh,George Gatins
Need For Speed,Scott Waugh,George Gatins
Need For Speed,Scott Waugh,George Gatins
Never Die Twice,Sean A.F. Scott,Sean A.F. Scott & Nancy L. Kelly
Night of Henna,Hassan Zee,Hassan Zee
Nina Takes a Lover,Alan Jacobs,Alan Jacobs
Nine Months,Chris Columbus,Chris Columbus
Nine Months,Chris Columbus,Chris Columbus
Nine Months,Chris Columbus,Chris Columbus
Nine Months,Chris Columbus,Chris Columbus
Nine Months,Chris Columbus,Chris Columbus
Nine Months,Chris Columbus,Chris Columbus
Nine Months,Chris Columbus,Chris Columbus
Nine Months,Chris Columbus,Chris Columbus
Nine Months,Chris Columbus,Chris Columbus
Nine Months,Chris Columbus,Chris Columbus
Nine Months,Chris Columbus,Chris Columbus
Nine Months,Chris Columbus,Chris Columbus
Nine Months,Chris Columbus,Chris Columbus
Nine Months,Chris Columbus,Chris Columbus
Nine Months,Chris Columbus,Chris Columbus
Nine to Five,Colin Higgins,Colin Higgins
Nora Prentiss,Vincent Sherman,N. Richard Nash
On the Beach,Stanley Kramer,John Paxton
On the Road,Walter Salles,Jack Kerouac & Jose Rivera
On the Road,Walter Salles,Jack Kerouac & Jose Rivera
On the Road,Walter Salles,Jack Kerouac & Jose Rivera
On the Road,Walter Salles,Jack Kerouac & Jose Rivera
Pacific Heights,John Schlesinger,Daniel Pyne
Pacific Heights,John Schlesinger,Daniel Pyne
Pacific Heights,John Schlesinger,Daniel Pyne
Pal Joey,George Sidney,Dorothy Kingsley
Pal Joey,George Sidney,Dorothy Kingsley
Pal Joey,George Sidney,Dorothy Kingsley
Panther,Mario Van Peebles,Mario Van Peebles
Parks and Recreation,Dean Holland,Greg Daniels
Parks and Recreation,Dean Holland,Greg Daniels
Parks and Recreation,Dean Holland,Greg Daniels
Parks and Recreation,Dean Holland,Greg Daniels
Patch Adams,Tom Shadyac,Steve Oedekerk
Patch Adams,Tom Shadyac,Steve Oedekerk
Patch Adams,Tom Shadyac,Steve Oedekerk
Patty Hearst,Paul Schrader,Nicholas Kazan
Patty Hearst,Paul Schrader,Nicholas Kazan
Petulia,Richard Lester,Lawrence B. Marcus
Petulia,Richard Lester,Lawrence B. Marcus
Petulia,Richard Lester,Lawrence B. Marcus
Petulia,Richard Lester,Lawrence B. Marcus
Petulia,Richard Lester,Lawrence B. Marcus
Petulia,Richard Lester,Lawrence B. Marcus
Petulia,Richard Lester,Lawrence B. Marcus
Phenomenon,Jon Turteltaub,Gerald Dipego
Playing Mona Lisa,Matthew Huffman,Marni Freedman
"Play it Again, Sam",Herbert Ross,Woody Allen
"Play it Again, Sam",Herbert Ross,Woody Allen
"Play it Again, Sam",Herbert Ross,Woody Allen
"Play it Again, Sam",Herbert Ross,Woody Allen
"Play it Again, Sam",Herbert Ross,Woody Allen
"Play it Again, Sam",Herbert Ross,Woody Allen
Pleasure of His Company,George Seaton,Samuel A. Taylor
Pleasure of His Company,George Seaton,Samuel A. Taylor
Point Blank,John Boorman,Alexander Jacobs
Point Blank,John Boorman,Alexander Jacobs
Pretty Woman,Garry Marshall,J.F. Lawton
Psych-Out,Richard Rush,Betty Tusher
Pushing Dead,Tom Brown,Tom Brown
Pushing Dead,Tom Brown,Tom Brown
Pushing Dead,Tom Brown,Tom Brown
Pushing Dead,Tom Brown,Tom Brown
Pushing Dead,Tom Brown,Tom Brown
Pushing Dead,Tom Brown,Tom Brown
Pushing Dead,Tom Brown,Tom Brown
Pushing Dead,Tom Brown,Tom Brown
Pushing Dead,Tom Brown,Tom Brown
Pushing Dead,Tom Brown,Tom Brown
Pushing Dead,Tom Brown,Tom Brown
Pushing Dead,Tom Brown,Tom Brown
Pushing Dead,Tom Brown,Tom Brown
Pushing Dead,Tom Brown,Tom Brown
Pushing Dead,Tom Brown,Tom Brown
Pushing Dead,Tom Brown,Tom Brown
Pushing Dead,Tom Brown,Tom Brown
Pushing Dead,Tom Brown,Tom Brown
Pushing Dead,Tom Brown,Tom Brown
Pushing Dead,Tom Brown,Tom Brown
Quicksilver,Thomas Michael Donnel,Thomas Michael Donnelly
Quitters,Noah Pritzker,Noah Pritzker
Quitters,Noah Pritzker,Noah Pritzker
Quitters,Noah Pritzker,Noah Pritzker
Quitters,Noah Pritzker,Noah Pritzker
Quitters,Noah Pritzker,Noah Pritzker
Quitters,Noah Pritzker,Noah Pritzker
Quitters,Noah Pritzker,Noah Pritzker
Quitters,Noah Pritzker,Noah Pritzker
Quitters,Noah Pritzker,Noah Pritzker
Quitters,Noah Pritzker,Noah Pritzker
Quitters,Noah Pritzker,Noah Pritzker
Quitters,Noah Pritzker,Noah Pritzker
Quitters,Noah Pritzker,Noah Pritzker
Quitters,Noah Pritzker,Noah Pritzker
Quitters,Noah Pritzker,Noah Pritzker
Quitters,Noah Pritzker,Noah Pritzker
Raising Cain,Brian DePalma,Brian DePalma
Red Diaper Baby,Doug Pray,Josh Kornbluth
Red Widow,Alon Aranya,Melissa Rosenberg
Red Widow,Alon Aranya,Melissa Rosenberg
Red Widow,Alon Aranya,Melissa Rosenberg
Red Widow,Alon Aranya,Melissa Rosenberg
Red Widow,Alon Aranya,Melissa Rosenberg
Red Widow,Alon Aranya,Melissa Rosenberg
Red Widow,Alon Aranya,Melissa Rosenberg
Red Widow,Alon Aranya,Melissa Rosenberg
Red Widow,Alon Aranya,Melissa Rosenberg
Red Widow,Alon Aranya,Melissa Rosenberg
Red Widow,Alon Aranya,Melissa Rosenberg
Rent,Chris Columbus,Stephen Chbosky
Rollerball,John McTiernan,William Harrison
Romeo Must Die,Andrzej Bartkowiak,Mitchell Kapner
Romeo Must Die,Andrzej Bartkowiak,Mitchell Kapner
San Andreas,Brad Peyton,Allan Loeb
San Andreas,Brad Peyton,Allan Loeb
San Andreas,Brad Peyton,Allan Loeb
San Andreas,Brad Peyton,Allan Loeb
San Andreas,Brad Peyton,Allan Loeb
San Andreas,Brad Peyton,Allan Loeb
San Andreas,Brad Peyton,Allan Loeb
San Andreas,Brad Peyton,Allan Loeb
San Andreas,Brad Peyton,Allan Loeb
San Andreas,Brad Peyton,Allan Loeb
San Andreas,Brad Peyton,Allan Loeb
San Andreas,Brad Peyton,Allan Loeb
San Andreas,Brad Peyton,Allan Loeb
San Andreas,Brad Peyton,Allan Loeb
San Andreas,Brad Peyton,Allan Loeb
San Andreas,Brad Peyton,Allan Loeb
San Andreas,Brad Peyton,Allan Loeb
San Andreas,Brad Peyton,Allan Loeb
San Andreas,Brad Peyton,Allan Loeb
San Andreas,Brad Peyton,Allan Loeb
San Andreas,Brad Peyton,Allan Loeb
San Andreas,Brad Peyton,Allan Loeb
San Andreas,Brad Peyton,Allan Loeb
San Andreas,Brad Peyton,Allan Loeb
San Francisco,W.S. Van Dyke,Anita Loos
San Francisco,W.S. Van Dyke,Anita Loos
Sausalito,Andrew Lau,
Sense8,The Wachowskis,The Wachowskis
Sense8,The Wachowskis,The Wachowskis
Sense8,The Wachowskis,The Wachowskis
Sense8,The Wachowskis,The Wachowskis
Sense8,The Wachowskis,The Wachowskis
Sense8,The Wachowskis,The Wachowskis
Sense8,The Wachowskis,The Wachowskis
Sense8,The Wachowskis,The Wachowskis
Sense8,The Wachowskis,The Wachowskis
Sense8,The Wachowskis,The Wachowskis
Sense8,The Wachowskis,The Wachowskis
Sense8,The Wachowskis,The Wachowskis
Sense8,The Wachowskis,The Wachowskis
Sense8,The Wachowskis,The Wachowskis
Sense8,The Wachowskis,The Wachowskis
Sense8,The Wachowskis,The Wachowskis
Sense8,The Wachowskis,The Wachowskis
Sense8,The Wachowskis,The Wachowskis
Sense8,The Wachowskis,The Wachowskis
Sense8,The Wachowskis,The Wachowskis
Sense8,The Wachowskis,The Wachowskis
Sense8,The Wachowskis,The Wachowskis
Sense8,The Wachowskis,The Wachowskis
Sense8 - Season 2,Wachowski Siblings,"J. Michael Straczynski, Wachowiski Siblings"
Sense8 - Season 2,Wachowski Siblings,"J. Michael Straczynski, Wachowiski Siblings"
Sense8 - Season 2,Wachowski Siblings,"J. Michael Straczynski, Wachowiski Siblings"
Sense8 - Season 2,Wachowski Siblings,"J. Michael Straczynski, Wachowiski Siblings"
Sense8 - Season 2,Wachowski Siblings,"J. Michael Straczynski, Wachowiski Siblings"
Sense8 - Season 2,Wachowski Siblings,"J. Michael Straczynski, Wachowiski Siblings"
Sense8 - Season 2,Wachowski Siblings,"J. Michael Straczynski, Wachowiski Siblings"
Sense8 - Season 2,Wachowski Siblings,"J. Michael Straczynski, Wachowiski Siblings"
Sense8 - Season 2,Wachowski Siblings,"J. Michael Straczynski, Wachowiski Siblings"
Sense8 - Season 2,Wachowski Siblings,"J. Michael Straczynski, Wachowiski Siblings"
Sense8 - Season 2,Wachowski Siblings,"J. Michael Straczynski, Wachowiski Siblings"
Sense8 - Season 2,Wachowski Siblings,"J. Michael Straczynski, Wachowiski Siblings"
Sense8 - Season 2,Wachowski Siblings,"J. Michael Straczynski, Wachowiski Siblings"
Sense8 - Season 2,Wachowski Siblings,"J. Michael Straczynski, Wachowiski Siblings"
Sense8 - Season 2,Wachowski Siblings,"J. Michael Straczynski, Wachowiski Siblings"
Sense8 - Season 2,Wachowski Siblings,"J. Michael Straczynski, Wachowiski Siblings"
Sense8 - Season 2,Wachowski Siblings,"J. Michael Straczynski, Wachowiski Siblings"
Sense8 - Season 2,Wachowski Siblings,"J. Michael Straczynski, Wachowiski Siblings"
Sense8 - Season 2,Wachowski Siblings,"J. Michael Straczynski, Wachowiski Siblings"
Serendipity,Peter Chelsom,Marc Klein
Serial,Bill Persky,Rich Eustis
Seven Girlfriends,Paul Lazarus,Paul Lazarus
Shadow of the Thin Man,W.S. Van Dyke,Harry Kurnitz
Shang-Chi and the Legend of th,Destin Daniel Cretton,"Dave Callaham, Destin Daniel Cretton, Andrew Lanham"
Shang-Chi and the Legend of th,Destin Daniel Cretton,"Dave Callaham, Destin Daniel Cretton, Andrew Lanham"
Shang-Chi and the Legend of th,Destin Daniel Cretton,"Dave Callaham, Destin Daniel Cretton, Andrew Lanham"
Shang-Chi and the Legend of th,Destin Daniel Cretton,"Dave Callaham, Destin Daniel Cretton, Andrew Lanham"
Shang-Chi and the Legend of th,Destin Daniel Cretton,"Dave Callaham, Destin Daniel Cretton, Andrew Lanham"
Shang-Chi and the Legend of th,Destin Daniel Cretton,"Dave Callaham, Destin Daniel Cretton, Andrew Lanham"
Shang-Chi and the Legend of th,Destin Daniel Cretton,"Dave Callaham, Destin Daniel Cretton, Andrew Lanham"
Shang-Chi and the Legend of th,Destin Daniel Cretton,"Dave Callaham, Destin Daniel Cretton, Andrew Lanham"
Shang-Chi and the Legend of th,Destin Daniel Cretton,"Dave Callaham, Destin Daniel Cretton, Andrew Lanham"
Shang-Chi and the Legend of th,Destin Daniel Cretton,"Dave Callaham, Destin Daniel Cretton, Andrew Lanham"
Shang-Chi and the Legend of th,Destin Daniel Cretton,"Dave Callaham, Destin Daniel Cretton, Andrew Lanham"
Shang-Chi and the Legend of th,Destin Daniel Cretton,"Dave Callaham, Destin Daniel Cretton, Andrew Lanham"
Shang-Chi and the Legend of th,Destin Daniel Cretton,"Dave Callaham, Destin Daniel Cretton, Andrew Lanham"
Shattered,Wolfgang Petersen,Wolfgang Petersen
Shit and Champagne,D'Arcy Drollinger,D'Arcy Drollinger
Shit and Champagne,D'Arcy Drollinger,D'Arcy Drollinger
Shit and Champagne,D'Arcy Drollinger,D'Arcy Drollinger
Shit and Champagne,D'Arcy Drollinger,D'Arcy Drollinger
Shit and Champagne,D'Arcy Drollinger,D'Arcy Drollinger
Shit and Champagne,D'Arcy Drollinger,D'Arcy Drollinger
Shit and Champagne,D'Arcy Drollinger,D'Arcy Drollinger
Shit and Champagne,D'Arcy Drollinger,D'Arcy Drollinger
Shit and Champagne,D'Arcy Drollinger,D'Arcy Drollinger
Shit and Champagne,D'Arcy Drollinger,D'Arcy Drollinger
Shit and Champagne,D'Arcy Drollinger,D'Arcy Drollinger
Shit and Champagne,D'Arcy Drollinger,D'Arcy Drollinger
Shit and Champagne,D'Arcy Drollinger,D'Arcy Drollinger
Shit and Champagne,D'Arcy Drollinger,D'Arcy Drollinger
Shit and Champagne,D'Arcy Drollinger,D'Arcy Drollinger
Shit and Champagne,D'Arcy Drollinger,D'Arcy Drollinger
Shit and Champagne,D'Arcy Drollinger,D'Arcy Drollinger
Shit and Champagne,D'Arcy Drollinger,D'Arcy Drollinger
Shit and Champagne,D'Arcy Drollinger,D'Arcy Drollinger
Shit and Champagne,D'Arcy Drollinger,D'Arcy Drollinger
Shoot the Moon,Alan Parker,Bo Goldman
Silicon Valley Season 4,Mike Judge,John Altschuler
Silicon Valley Season 4,Mike Judge,John Altschuler
Sister Act,Emile Ardolino,Joseph Howard
Sister Act 2: Back in the Habi,Bill Duke,Joseph Howard
Sister Act 2: Back in the Habi,Bill Duke,Joseph Howard
Sister Act 2: Back in the Habi,Bill Duke,Joseph Howard
Sister Act 2: Back in the Habi,Bill Duke,Joseph Howard
Sister Act 2: Back in the Habi,Bill Duke,Joseph Howard
"Smile Again, Jenny Lee",Carlo Caldana,Linda Demetrick
"Smile Again, Jenny Lee",Carlo Caldana,Linda Demetrick
"Smile Again, Jenny Lee",Carlo Caldana,Linda Demetrick
"Smile Again, Jenny Lee",Carlo Caldana,Linda Demetrick
"Smile Again, Jenny Lee",Carlo Caldana,Linda Demetrick
"Smile Again, Jenny Lee",Carlo Caldana,Linda Demetrick
"Smile Again, Jenny Lee",Carlo Caldana,Linda Demetrick
"Smile Again, Jenny Lee",Carlo Caldana,Linda Demetrick
"Smile Again, Jenny Lee",Carlo Caldana,Linda Demetrick
"Smile Again, Jenny Lee",Carlo Caldana,Linda Demetrick
"Smile Again, Jenny Lee",Carlo Caldana,Linda Demetrick
"Smile Again, Jenny Lee",Carlo Caldana,Linda Demetrick
"Smile Again, Jenny Lee",Carlo Caldana,Linda Demetrick
"Smile Again, Jenny Lee",Carlo Caldana,Linda Demetrick
"Smile Again, Jenny Lee",Carlo Caldana,Linda Demetrick
"Smile Again, Jenny Lee",Carlo Caldana,Linda Demetrick
"Smile Again, Jenny Lee",Carlo Caldana,Linda Demetrick
"Smile Again, Jenny Lee",Carlo Caldana,Linda Demetrick
"Smile Again, Jenny Lee",Carlo Caldana,Linda Demetrick
"Smile Again, Jenny Lee",Carlo Caldana,Linda Demetrick
"Smile Again, Jenny Lee",Carlo Caldana,Linda Demetrick
"Smile Again, Jenny Lee",Carlo Caldana,Linda Demetrick
"Smile Again, Jenny Lee",Carlo Caldana,Linda Demetrick
"Smile Again, Jenny Lee",Carlo Caldana,Linda Demetrick
"Smile Again, Jenny Lee",Carlo Caldana,Linda Demetrick
Sneakers,Phil Alden Robinson,Walter Parkes
Sneakers,Phil Alden Robinson,Walter Parkes
So I Married an Axe Murderer,Thomas Schlamme,Robbie Fox
So I Married an Axe Murderer,Thomas Schlamme,Robbie Fox
So I Married an Axe Murderer,Thomas Schlamme,Robbie Fox
So I Married an Axe Murderer,Thomas Schlamme,Robbie Fox
So I Married an Axe Murderer,Thomas Schlamme,Robbie Fox
So I Married an Axe Murderer,Thomas Schlamme,Robbie Fox
So I Married an Axe Murderer,Thomas Schlamme,Robbie Fox
So I Married an Axe Murderer,Thomas Schlamme,Robbie Fox
So I Married an Axe Murderer,Thomas Schlamme,Robbie Fox
So I Married an Axe Murderer,Thomas Schlamme,Robbie Fox
So I Married an Axe Murderer,Thomas Schlamme,Robbie Fox
So I Married an Axe Murderer,Thomas Schlamme,Robbie Fox
So I Married an Axe Murderer,Thomas Schlamme,Robbie Fox
So I Married an Axe Murderer,Thomas Schlamme,Robbie Fox
Sonic the Hedgehog,Jeff Fowler,"Josh Miller, Patrick Casey, Oren Uziel"
Sonic the Hedgehog,Jeff Fowler,"Josh Miller, Patrick Casey, Oren Uziel"
Sonic the Hedgehog,Jeff Fowler,"Josh Miller, Patrick Casey, Oren Uziel"
Sonic the Hedgehog,Jeff Fowler,"Josh Miller, Patrick Casey, Oren Uziel"
Sonic the Hedgehog,Jeff Fowler,"Josh Miller, Patrick Casey, Oren Uziel"
Sphere,Barry Levinson,Kurt Wimmer
Star Trek II : The Wrath of Kh,Nicholas Meyer,Jack B. Sowards
Star Trek IV: The Voyage Home,Leonard Nimoy,Steve Meerson
Star Trek IV: The Voyage Home,Leonard Nimoy,Steve Meerson
Star Trek IV: The Voyage Home,Leonard Nimoy,Steve Meerson
Star Trek IV: The Voyage Home,Leonard Nimoy,Steve Meerson
Star Trek IV: The Voyage Home,Leonard Nimoy,Steve Meerson
Star Trek IV: The Voyage Home,Leonard Nimoy,Steve Meerson
Star Trek IV: The Voyage Home,Leonard Nimoy,Steve Meerson
Star Trek IV: The Voyage Home,Leonard Nimoy,Steve Meerson
Star Trek IV: The Voyage Home,Leonard Nimoy,Steve Meerson
Star Trek IV: The Voyage Home,Leonard Nimoy,Steve Meerson
Star Trek IV: The Voyage Home,Leonard Nimoy,Steve Meerson
Star Trek VI: The Undiscovered,Nicholas Meyer,Nimoy
Steve Jobs,Danny Boyle,Aaron Sorkin
Steve Jobs,Danny Boyle,Aaron Sorkin
Steve Jobs,Danny Boyle,Aaron Sorkin
Steve Jobs,Danny Boyle,Aaron Sorkin
Steve Jobs,Danny Boyle,Aaron Sorkin
Steve Jobs,Danny Boyle,Aaron Sorkin
Steve Jobs,Danny Boyle,Aaron Sorkin
Steve Jobs,Danny Boyle,Aaron Sorkin
Steve Jobs,Danny Boyle,Aaron Sorkin
Steve Jobs,Danny Boyle,Aaron Sorkin
Steve Jobs,Danny Boyle,Aaron Sorkin
Steve Jobs,Danny Boyle,Aaron Sorkin
Stigmata,Rupert Wainwright,Tom Lazarus
Street Music,Jenny Bowen,Jenny Bowen
Sudden Fear,David Miller,Lenore J. Coffee
Sudden Fear,David Miller,Lenore J. Coffee
Sudden Fear,David Miller,Lenore J. Coffee
Sudden Fear,David Miller,Lenore J. Coffee
Sudden Impact,Clint Eastwood,Harry Julian Fink
Sudden Impact,Clint Eastwood,Harry Julian Fink
Sudden Impact,Clint Eastwood,Harry Julian Fink
Sudden Impact,Clint Eastwood,Harry Julian Fink
Sudden Impact,Clint Eastwood,Harry Julian Fink
Sudden Impact,Clint Eastwood,Harry Julian Fink
Sudden Impact,Clint Eastwood,Harry Julian Fink
Sudden Impact,Clint Eastwood,Harry Julian Fink
Sudden Impact,Clint Eastwood,Harry Julian Fink
Sudden Impact,Clint Eastwood,Harry Julian Fink
Sudden Impact,Clint Eastwood,Harry Julian Fink
Summertime,Gabriele Muccino,Gabriele Muccino
Summertime,Gabriele Muccino,Gabriele Muccino
Summertime,Gabriele Muccino,Gabriele Muccino
Summertime,Gabriele Muccino,Gabriele Muccino
Summertime,Gabriele Muccino,Gabriele Muccino
Summertime,Gabriele Muccino,Gabriele Muccino
Summertime,Gabriele Muccino,Gabriele Muccino
Summertime,Gabriele Muccino,Gabriele Muccino
Summertime,Gabriele Muccino,Gabriele Muccino
Summertime,Gabriele Muccino,Gabriele Muccino
Summertime,Gabriele Muccino,Gabriele Muccino
Summertime,Gabriele Muccino,Gabriele Muccino
Summertime,Gabriele Muccino,Gabriele Muccino
Summertime,Gabriele Muccino,Gabriele Muccino
Superman,Richard Donner,Jerry Siegel
Susan Slade,Delmer Daves,Delmer Daves
Sweet November,Pat O'Connor,Paul Yurick
Sweet November,Pat O'Connor,Paul Yurick
Sweet November,Pat O'Connor,Paul Yurick
Sweet November,Pat O'Connor,Paul Yurick
Sweet November,Pat O'Connor,Paul Yurick
Sweet November,Pat O'Connor,Paul Yurick
Sweet November,Pat O'Connor,Paul Yurick
Sweet November,Pat O'Connor,Paul Yurick
Sweet November,Pat O'Connor,Paul Yurick
Swing,Martin Guigui,Mary Keil
Swing,Martin Guigui,Mary Keil
Swingin' Along,Charles Barton,Jameson Brewer
Take the Money and Run,Woody Allen,Woody Allen
Take the Money and Run,Woody Allen,Woody Allen
Take the Money and Run,Woody Allen,Woody Allen
Tales of the City,"Alan Poul, Silas Howa","Armistead Maupin, Lauren Morelli, Hansol Jung, Marcus"
Tales of the City,"Alan Poul, Silas Howa","Armistead Maupin, Lauren Morelli, Hansol Jung, Marcus"
Tales of the City,"Alan Poul, Silas Howa","Armistead Maupin, Lauren Morelli, Hansol Jung, Marcus"
Tales of the City,"Alan Poul, Silas Howa","Armistead Maupin, Lauren Morelli, Hansol Jung, Marcus"
Tales of the City,"Alan Poul, Silas Howa","Armistead Maupin, Lauren Morelli, Hansol Jung, Marcus"
Tales of the City,"Alan Poul, Silas Howa","Armistead Maupin, Lauren Morelli, Hansol Jung, Marcus"
Tales of the City,"Alan Poul, Silas Howa","Armistead Maupin, Lauren Morelli, Hansol Jung, Marcus"
Tales of the City,"Alan Poul, Silas Howa","Armistead Maupin, Lauren Morelli, Hansol Jung, Marcus"
Tales of the City,"Alan Poul, Silas Howa","Armistead Maupin, Lauren Morelli, Hansol Jung, Marcus"
Tales of the City,"Alan Poul, Silas Howa","Armistead Maupin, Lauren Morelli, Hansol Jung, Marcus"
Tales of the City,"Alan Poul, Silas Howa","Armistead Maupin, Lauren Morelli, Hansol Jung, Marcus"
Tales of the City,"Alan Poul, Silas Howa","Armistead Maupin, Lauren Morelli, Hansol Jung, Marcus"
Tales of the City,"Alan Poul, Silas Howa","Armistead Maupin, Lauren Morelli, Hansol Jung, Marcus"
Tales of the City,"Alan Poul, Silas Howa","Armistead Maupin, Lauren Morelli, Hansol Jung, Marcus"
Tales of the City,"Alan Poul, Silas Howa","Armistead Maupin, Lauren Morelli, Hansol Jung, Marcus"
Tales of the City,"Alan Poul, Silas Howa","Armistead Maupin, Lauren Morelli, Hansol Jung, Marcus"
Tales of the City,"Alan Poul, Silas Howa","Armistead Maupin, Lauren Morelli, Hansol Jung, Marcus"
Tales of the City,"Alan Poul, Silas Howa","Armistead Maupin, Lauren Morelli, Hansol Jung, Marcus"
Tales of the City,"Alan Poul, Silas Howa","Armistead Maupin, Lauren Morelli, Hansol Jung, Marcus"
Terminator - Genisys,Alan Taylor,James Cameron
Terminator - Genisys,Alan Taylor,James Cameron
Terminator - Genisys,Alan Taylor,James Cameron
Terminator - Genisys,Alan Taylor,James Cameron
Terminator - Genisys,Alan Taylor,James Cameron
Terminator - Genisys,Alan Taylor,James Cameron
Terminator - Genisys,Alan Taylor,James Cameron
Terminator - Genisys,Alan Taylor,James Cameron
Terminator - Genisys,Alan Taylor,James Cameron
Terminator - Genisys,Alan Taylor,James Cameron
Terminator - Genisys,Alan Taylor,James Cameron
Terminator - Genisys,Alan Taylor,James Cameron
Terminator - Genisys,Alan Taylor,James Cameron
Terminator - Genisys,Alan Taylor,James Cameron
Terminator - Genisys,Alan Taylor,James Cameron
Terminator - Genisys,Alan Taylor,James Cameron
Terminator - Genisys,Alan Taylor,James Cameron
Terminator - Genisys,Alan Taylor,James Cameron
Terminator - Genisys,Alan Taylor,James Cameron
Terminator - Genisys,Alan Taylor,James Cameron
Terminator - Genisys,Alan Taylor,James Cameron
Terminator - Genisys,Alan Taylor,James Cameron
Terminator - Genisys,Alan Taylor,James Cameron
Terminator - Genisys,Alan Taylor,James Cameron
The Assassination of Richard N,Niels Mueller,Niels Mueller & Kevin Kennedy
The Assassination of Richard N,Niels Mueller,Niels Mueller & Kevin Kennedy
The Bachelor,Gary Sinyor,Steve Cohen
The Bachelor,Gary Sinyor,Steve Cohen
The Bachelor,Gary Sinyor,Steve Cohen
The Bachelor,Gary Sinyor,Steve Cohen
The Bachelor,Gary Sinyor,Steve Cohen
The Bachelor,Gary Sinyor,Steve Cohen
The Bachelor,Gary Sinyor,Steve Cohen
The Bachelor,Gary Sinyor,Steve Cohen
The Bachelor,Gary Sinyor,Steve Cohen
The Bachelor,Gary Sinyor,Steve Cohen
The Bachelor,Gary Sinyor,Steve Cohen
The Bachelor,Gary Sinyor,Steve Cohen
The Bachelor,Gary Sinyor,Steve Cohen
The Birds,Alfred Hitchcock,Evan Hunter
The Bridge,Eric Steel,N/A
The Caine Mutiny,Edward Dmytryk,Stanley Roberts
The Caine Mutiny,Edward Dmytryk,Stanley Roberts
The Californians,Jonathan Parker,Jonathan Parker & Catherine DiNapoli
The Candidate,Michael Ritchie,Jeremy Larner
The Competition,Joel Oliansky,Joel Oliansky
The Competition,Joel Oliansky,Joel Oliansky
The Conversation,Francis Ford Coppola,Francis Ford Coppola
The Conversation,Francis Ford Coppola,Francis Ford Coppola
The Conversation,Francis Ford Coppola,Francis Ford Coppola
The Conversation,Francis Ford Coppola,Francis Ford Coppola
The Conversation,Francis Ford Coppola,Francis Ford Coppola
The Conversation,Francis Ford Coppola,Francis Ford Coppola
The Conversation,Francis Ford Coppola,Francis Ford Coppola
The Conversation,Francis Ford Coppola,Francis Ford Coppola
The Conversation,Francis Ford Coppola,Francis Ford Coppola
The Conversation,Francis Ford Coppola,Francis Ford Coppola
The Conversation,Francis Ford Coppola,Francis Ford Coppola
The Core,John Amiel,Cooper Lane
The Dead Pool,Buddy Van Horn,Harry Julian Fink
The Dead Pool,Buddy Van Horn,Harry Julian Fink
The Dead Pool,Buddy Van Horn,Harry Julian Fink
The Dead Pool,Buddy Van Horn,Harry Julian Fink
The Dead Pool,Buddy Van Horn,Harry Julian Fink
The Dead Pool,Buddy Van Horn,Harry Julian Fink
The Dead Pool,Buddy Van Horn,Harry Julian Fink
The Dead Pool,Buddy Van Horn,Harry Julian Fink
The Dead Pool,Buddy Van Horn,Harry Julian Fink
The Dead Pool,Buddy Van Horn,Harry Julian Fink
The Dead Pool,Buddy Van Horn,Harry Julian Fink
The Dead Pool,Buddy Van Horn,Harry Julian Fink
The Dead Pool,Buddy Van Horn,Harry Julian Fink
The Dead Pool,Buddy Van Horn,Harry Julian Fink
The Dead Pool,Buddy Van Horn,Harry Julian Fink
The Dead Pool,Buddy Van Horn,Harry Julian Fink
The Dead Pool,Buddy Van Horn,Harry Julian Fink
The Dead Pool,Buddy Van Horn,Harry Julian Fink
The Dead Pool,Buddy Van Horn,Harry Julian Fink
The Dead Pool,Buddy Van Horn,Harry Julian Fink
The Dead Pool,Buddy Van Horn,Harry Julian Fink
The Dead Pool,Buddy Van Horn,Harry Julian Fink
The Dead Pool,Buddy Van Horn,Harry Julian Fink
The Dead Pool,Buddy Van Horn,Harry Julian Fink
The Dead Pool,Buddy Van Horn,Harry Julian Fink
The Dead Pool,Buddy Van Horn,Harry Julian Fink
The Dead Pool,Buddy Van Horn,Harry Julian Fink
The Dead Pool,Buddy Van Horn,Harry Julian Fink
The Dead Pool,Buddy Van Horn,Harry Julian Fink
The Diary of a Teenage Girl,Marielle Heller,Marielle Heller
The Diary of a Teenage Girl,Marielle Heller,Marielle Heller
The Diary of a Teenage Girl,Marielle Heller,Marielle Heller
The Diary of a Teenage Girl,Marielle Heller,Marielle Heller
The Diary of a Teenage Girl,Marielle Heller,Marielle Heller
The Diary of a Teenage Girl,Marielle Heller,Marielle Heller
The Diary of a Teenage Girl,Marielle Heller,Marielle Heller
The Diary of a Teenage Girl,Marielle Heller,Marielle Heller
The Diary of a Teenage Girl,Marielle Heller,Marielle Heller
The Diary of a Teenage Girl,Marielle Heller,Marielle Heller
The Diary of a Teenage Girl,Marielle Heller,Marielle Heller
The Diary of a Teenage Girl,Marielle Heller,Marielle Heller
The Diary of a Teenage Girl,Marielle Heller,Marielle Heller
The Diary of a Teenage Girl,Marielle Heller,Marielle Heller
The Diary of a Teenage Girl,Marielle Heller,Marielle Heller
The Diary of a Teenage Girl,Marielle Heller,Marielle Heller
The Doctor,Randa Haines,Robert Caswell
The Doors,Oliver Stone,J. Randal Johnson
The Enforcer,James Fargo,Stirling Silliphant
The Enforcer,James Fargo,Stirling Silliphant
The Enforcer,James Fargo,Stirling Silliphant
The Enforcer,James Fargo,Stirling Silliphant
The Enforcer,James Fargo,Stirling Silliphant
The Enforcer,James Fargo,Stirling Silliphant
The Enforcer,James Fargo,Stirling Silliphant
The Enforcer,James Fargo,Stirling Silliphant
The Enforcer,James Fargo,Stirling Silliphant
The Fan,Tony Scott,Phoef Sutton
The Fog of War,Errol Morris,N/A
The Game,David Fincher,John Brancato
The Game,David Fincher,John Brancato
The Game,David Fincher,John Brancato
The Game,David Fincher,John Brancato
The Game,David Fincher,John Brancato
The Game,David Fincher,John Brancato
The Game,David Fincher,John Brancato
The Game,David Fincher,John Brancato
The Game,David Fincher,John Brancato
The Game,David Fincher,John Brancato
The Game,David Fincher,John Brancato
The Game,David Fincher,John Brancato
The Game,David Fincher,John Brancato
The Game,David Fincher,John Brancato
The Graduate,Mike Nichols,Calder Willingham
The Graduate,Mike Nichols,Calder Willingham
The House on Telegraph Hill,Robert Wise,Elick Moll
The House on Telegraph Hill,Robert Wise,Elick Moll
The House on Telegraph Hill,Robert Wise,Elick Moll
The House on Telegraph Hill,Robert Wise,Elick Moll
The Internship,Shawn Levy,Vince Vaughn
The Internship,Shawn Levy,Vince Vaughn
The Internship,Shawn Levy,Vince Vaughn
The Internship,Shawn Levy,Vince Vaughn
The Jazz Singer,Alan Crosland,Alfred A. Cohn
The Lady from Shanghai,Orson Welles,Orson Welles
The Lady from Shanghai,Orson Welles,Orson Welles
The Lady from Shanghai,Orson Welles,Orson Welles
The Lady from Shanghai,Orson Welles,Orson Welles
The Last Black Man in San Fran,Joe Talbot,"Joe Talbot, Jimmie Fails, Rob Richert"
The Last Black Man in San Fran,Joe Talbot,"Joe Talbot, Jimmie Fails, Rob Richert"
The Last Black Man in San Fran,Joe Talbot,"Joe Talbot, Jimmie Fails, Rob Richert"
The Last Black Man in San Fran,Joe Talbot,"Joe Talbot, Jimmie Fails, Rob Richert"
The Last Black Man in San Fran,Joe Talbot,"Joe Talbot, Jimmie Fails, Rob Richert"
The Last Black Man in San Fran,Joe Talbot,"Joe Talbot, Jimmie Fails, Rob Richert"
The Last Black Man in San Fran,Joe Talbot,"Joe Talbot, Jimmie Fails, Rob Richert"
The Last Black Man in San Fran,Joe Talbot,"Joe Talbot, Jimmie Fails, Rob Richert"
The Last Black Man in San Fran,Joe Talbot,"Joe Talbot, Jimmie Fails, Rob Richert"
The Last Black Man in San Fran,Joe Talbot,"Joe Talbot, Jimmie Fails, Rob Richert"
The Last Black Man in San Fran,Joe Talbot,"Joe Talbot, Jimmie Fails, Rob Richert"
The Last Black Man in San Fran,Joe Talbot,"Joe Talbot, Jimmie Fails, Rob Richert"
The Last Black Man in San Fran,Joe Talbot,"Joe Talbot, Jimmie Fails, Rob Richert"
The Last Black Man in San Fran,Joe Talbot,"Joe Talbot, Jimmie Fails, Rob Richert"
The Last Black Man in San Fran,Joe Talbot,"Joe Talbot, Jimmie Fails, Rob Richert"
The Last Black Man in San Fran,Joe Talbot,"Joe Talbot, Jimmie Fails, Rob Richert"
The Last Black Man in San Fran,Joe Talbot,"Joe Talbot, Jimmie Fails, Rob Richert"
The Last Black Man in San Fran,Joe Talbot,"Joe Talbot, Jimmie Fails, Rob Richert"
The Last Black Man in San Fran,Joe Talbot,"Joe Talbot, Jimmie Fails, Rob Richert"
The Last Black Man in San Fran,Joe Talbot,"Joe Talbot, Jimmie Fails, Rob Richert"
The Last Black Man in San Fran,Joe Talbot,"Joe Talbot, Jimmie Fails, Rob Richert"
The Last Black Man in San Fran,Joe Talbot,"Joe Talbot, Jimmie Fails, Rob Richert"
The Last Black Man in San Fran,Joe Talbot,"Joe Talbot, Jimmie Fails, Rob Richert"
The Last Black Man in San Fran,Joe Talbot,"Joe Talbot, Jimmie Fails, Rob Richert"
The Last Black Man in San Fran,Joe Talbot,"Joe Talbot, Jimmie Fails, Rob Richert"
The Last Black Man in San Fran,Joe Talbot,"Joe Talbot, Jimmie Fails, Rob Richert"
The Last Black Man in San Fran,Joe Talbot,"Joe Talbot, Jimmie Fails, Rob Richert"
The Last Black Man in San Fran,Joe Talbot,"Joe Talbot, Jimmie Fails, Rob Richert"
The Last Black Man in San Fran,Joe Talbot,"Joe Talbot, Jimmie Fails, Rob Richert"
The Last Black Man in San Fran,Joe Talbot,"Joe Talbot, Jimmie Fails, Rob Richert"
The Last Black Man in San Fran,Joe Talbot,"Joe Talbot, Jimmie Fails, Rob Richert"
The Last Black Man in San Fran,Joe Talbot,"Joe Talbot, Jimmie Fails, Rob Richert"
The Last Black Man in San Fran,Joe Talbot,"Joe Talbot, Jimmie Fails, Rob Richert"
The Last of the Gladiators,Martin Jay Sadoff,Martin Jay Sadoff
The Laughing Policeman,Stuart Rosenberg,Thomas Rickman
The Lineup,Don Siegel,Stirling Silliphant
The Lineup,Don Siegel,Stirling Silliphant
The Lineup,Don Siegel,Stirling Silliphant
The Lineup,Don Siegel,Stirling Silliphant
The Lineup,Don Siegel,Stirling Silliphant
The Lineup,Don Siegel,Stirling Silliphant
The Lineup,Don Siegel,Stirling Silliphant
The Love Bug,Robert Stevenson,Bill Walsh
The Love Bug,Robert Stevenson,Bill Walsh
The Maltese Falcon,John Huston,John Huston
The Maltese Falcon,John Huston,John Huston
The Maltese Falcon,John Huston,John Huston
The Master,Paul Thomas Anderson,Paul Thomas Anderson
The Matrix,The Wachowski Brother,The Wachowski Brothers
The Matrix Resurrections,Lana Wachowski,"Lana Wachowski, David Mitchell, Aleksander Hemon"
The Matrix Resurrections,Lana Wachowski,"Lana Wachowski, David Mitchell, Aleksander Hemon"
The Matrix Resurrections,Lana Wachowski,"Lana Wachowski, David Mitchell, Aleksander Hemon"
The Matrix Resurrections,Lana Wachowski,"Lana Wachowski, David Mitchell, Aleksander Hemon"
The Matrix Resurrections,Lana Wachowski,"Lana Wachowski, David Mitchell, Aleksander Hemon"
The Matrix Resurrections,Lana Wachowski,"Lana Wachowski, David Mitchell, Aleksander Hemon"
The Matrix Resurrections,Lana Wachowski,"Lana Wachowski, David Mitchell, Aleksander Hemon"
The Matrix Resurrections,Lana Wachowski,"Lana Wachowski, David Mitchell, Aleksander Hemon"
The Matrix Resurrections,Lana Wachowski,"Lana Wachowski, David Mitchell, Aleksander Hemon"
The Matrix Resurrections,Lana Wachowski,"Lana Wachowski, David Mitchell, Aleksander Hemon"
The Matrix Resurrections,Lana Wachowski,"Lana Wachowski, David Mitchell, Aleksander Hemon"
The Matrix Resurrections,Lana Wachowski,"Lana Wachowski, David Mitchell, Aleksander Hemon"
The Matrix Resurrections,Lana Wachowski,"Lana Wachowski, David Mitchell, Aleksander Hemon"
The Matrix Resurrections,Lana Wachowski,"Lana Wachowski, David Mitchell, Aleksander Hemon"
The Matrix Resurrections,Lana Wachowski,"Lana Wachowski, David Mitchell, Aleksander Hemon"
The Matrix Resurrections,Lana Wachowski,"Lana Wachowski, David Mitchell, Aleksander Hemon"
The Matrix Resurrections,Lana Wachowski,"Lana Wachowski, David Mitchell, Aleksander Hemon"
The Matrix Resurrections,Lana Wachowski,"Lana Wachowski, David Mitchell, Aleksander Hemon"
The Matrix Resurrections,Lana Wachowski,"Lana Wachowski, David Mitchell, Aleksander Hemon"
The Matrix Resurrections,Lana Wachowski,"Lana Wachowski, David Mitchell, Aleksander Hemon"
The Matrix Resurrections,Lana Wachowski,"Lana Wachowski, David Mitchell, Aleksander Hemon"
The Net,Irwin Winkler,John Brancato
The Net,Irwin Winkler,John Brancato
The Nightmare Before Christmas,Henry Selick,Tim Burton
The OA Part II,Zal Batmanglij,"Zal Batmanglij, Brit Marling"
The OA Part II,Zal Batmanglij,"Zal Batmanglij, Brit Marling"
The OA Part II,Zal Batmanglij,"Zal Batmanglij, Brit Marling"
The OA Part II,Zal Batmanglij,"Zal Batmanglij, Brit Marling"
The OA Part II,Zal Batmanglij,"Zal Batmanglij, Brit Marling"
The OA Part II,Zal Batmanglij,"Zal Batmanglij, Brit Marling"
The OA Part II,Zal Batmanglij,"Zal Batmanglij, Brit Marling"
The OA Part II,Zal Batmanglij,"Zal Batmanglij, Brit Marling"
The OA Part II,Zal Batmanglij,"Zal Batmanglij, Brit Marling"
The OA Part II,Zal Batmanglij,"Zal Batmanglij, Brit Marling"
The OA Part II,Zal Batmanglij,"Zal Batmanglij, Brit Marling"
The OA Part II,Zal Batmanglij,"Zal Batmanglij, Brit Marling"
The OA Part II,Zal Batmanglij,"Zal Batmanglij, Brit Marling"
The OA Part II,Zal Batmanglij,"Zal Batmanglij, Brit Marling"
The OA Part II,Zal Batmanglij,"Zal Batmanglij, Brit Marling"
The OA Part II,Zal Batmanglij,"Zal Batmanglij, Brit Marling"
The OA Part II,Zal Batmanglij,"Zal Batmanglij, Brit Marling"
The OA Part II,Zal Batmanglij,"Zal Batmanglij, Brit Marling"
The OA Part II,Zal Batmanglij,"Zal Batmanglij, Brit Marling"
The OA Part II,Zal Batmanglij,"Zal Batmanglij, Brit Marling"
The OA Part II,Zal Batmanglij,"Zal Batmanglij, Brit Marling"
The OA Part II,Zal Batmanglij,"Zal Batmanglij, Brit Marling"
The OA Part II,Zal Batmanglij,"Zal Batmanglij, Brit Marling"
The Organization,Don Medford,James R. Webb
The Other Sister,Garry Marshall,Garry Marshall
The Other Sister,Garry Marshall,Garry Marshall
The Other Sister,Garry Marshall,Garry Marshall
The Parent Trap,Nancy Meyers,Nancy Meyers
The Phone/Jexi,"Jon Lucas, Scott Moor","Jon Lucas, Scott Moore"
The Phone/Jexi,"Jon Lucas, Scott Moor","Jon Lucas, Scott Moore"
The Phone/Jexi,"Jon Lucas, Scott Moor","Jon Lucas, Scott Moore"
The Phone/Jexi,"Jon Lucas, Scott Moor","Jon Lucas, Scott Moore"
The Phone/Jexi,"Jon Lucas, Scott Moor","Jon Lucas, Scott Moore"
The Phone/Jexi,"Jon Lucas, Scott Moor","Jon Lucas, Scott Moore"
The Phone/Jexi,"Jon Lucas, Scott Moor","Jon Lucas, Scott Moore"
The Phone/Jexi,"Jon Lucas, Scott Moor","Jon Lucas, Scott Moore"
The Phone/Jexi,"Jon Lucas, Scott Moor","Jon Lucas, Scott Moore"
The Phone/Jexi,"Jon Lucas, Scott Moor","Jon Lucas, Scott Moore"
The Phone/Jexi,"Jon Lucas, Scott Moor","Jon Lucas, Scott Moore"
The Phone/Jexi,"Jon Lucas, Scott Moor","Jon Lucas, Scott Moore"
The Phone/Jexi,"Jon Lucas, Scott Moor","Jon Lucas, Scott Moore"
The Phone/Jexi,"Jon Lucas, Scott Moor","Jon Lucas, Scott Moore"
The Phone/Jexi,"Jon Lucas, Scott Moor","Jon Lucas, Scott Moore"
The Phone/Jexi,"Jon Lucas, Scott Moor","Jon Lucas, Scott Moore"
The Phone/Jexi,"Jon Lucas, Scott Moor","Jon Lucas, Scott Moore"
The Phone/Jexi,"Jon Lucas, Scott Moor","Jon Lucas, Scott Moore"
The Phone/Jexi,"Jon Lucas, Scott Moor","Jon Lucas, Scott Moore"
The Phone/Jexi,"Jon Lucas, Scott Moor","Jon Lucas, Scott Moore"
The Phone/Jexi,"Jon Lucas, Scott Moor","Jon Lucas, Scott Moore"
The Phone/Jexi,"Jon Lucas, Scott Moor","Jon Lucas, Scott Moore"
The Phone/Jexi,"Jon Lucas, Scott Moor","Jon Lucas, Scott Moore"
The Phone/Jexi,"Jon Lucas, Scott Moor","Jon Lucas, Scott Moore"
The Phone/Jexi,"Jon Lucas, Scott Moor","Jon Lucas, Scott Moore"
The Phone/Jexi,"Jon Lucas, Scott Moor","Jon Lucas, Scott Moore"
The Phone/Jexi,"Jon Lucas, Scott Moor","Jon Lucas, Scott Moore"
The Phone/Jexi,"Jon Lucas, Scott Moor","Jon Lucas, Scott Moore"
The Phone/Jexi,"Jon Lucas, Scott Moor","Jon Lucas, Scott Moore"
The Phone/Jexi,"Jon Lucas, Scott Moor","Jon Lucas, Scott Moore"
The Phone/Jexi,"Jon Lucas, Scott Moor","Jon Lucas, Scott Moore"
The Phone/Jexi,"Jon Lucas, Scott Moor","Jon Lucas, Scott Moore"
The Phone/Jexi,"Jon Lucas, Scott Moor","Jon Lucas, Scott Moore"
The Phone/Jexi,"Jon Lucas, Scott Moor","Jon Lucas, Scott Moore"
The Phone/Jexi,"Jon Lucas, Scott Moor","Jon Lucas, Scott Moore"
The Phone/Jexi,"Jon Lucas, Scott Moor","Jon Lucas, Scott Moore"
The Phone/Jexi,"Jon Lucas, Scott Moor","Jon Lucas, Scott Moore"
The Phone/Jexi,"Jon Lucas, Scott Moor","Jon Lucas, Scott Moore"
The Phone/Jexi,"Jon Lucas, Scott Moor","Jon Lucas, Scott Moore"
The Presidio,Peter Hyams,Larry Ferguson
The Presidio,Peter Hyams,Larry Ferguson
The Presidio,Peter Hyams,Larry Ferguson
The Presidio,Peter Hyams,Larry Ferguson
The Presidio,Peter Hyams,Larry Ferguson
The Presidio,Peter Hyams,Larry Ferguson
The Presidio,Peter Hyams,Larry Ferguson
The Presidio,Peter Hyams,Larry Ferguson
The Presidio,Peter Hyams,Larry Ferguson
The Presidio,Peter Hyams,Larry Ferguson
The Presidio,Peter Hyams,Larry Ferguson
The Presidio,Peter Hyams,Larry Ferguson
The Presidio,Peter Hyams,Larry Ferguson
The Presidio,Peter Hyams,Larry Ferguson
The Presidio,Peter Hyams,Larry Ferguson
The Princess Diaries,Garry Marshall,Gina Wendkos
The Princess Diaries,Garry Marshall,Gina Wendkos
The Princess Diaries,Garry Marshall,Gina Wendkos
The Princess Diaries,Garry Marshall,Gina Wendkos
The Princess Diaries,Garry Marshall,Gina Wendkos
The Princess Diaries,Garry Marshall,Gina Wendkos
The Princess Diaries,Garry Marshall,Gina Wendkos
The Pursuit of Happyness,Steven Conrad,Gabriele Muccino
The Pursuit of Happyness,Steven Conrad,Gabriele Muccino
The Pursuit of Happyness,Steven Conrad,Gabriele Muccino
The Pursuit of Happyness,Steven Conrad,Gabriele Muccino
The Right Stuff,Philip Kaufman,Philip Kaufman
The Right Stuff,Philip Kaufman,Philip Kaufman
The Right Stuff,Philip Kaufman,Philip Kaufman
The Right Stuff,Philip Kaufman,Philip Kaufman
The Rock,Michael Bay,David Weisberg
The Rock,Michael Bay,David Weisberg
The Rock,Michael Bay,David Weisberg
The Rock,Michael Bay,David Weisberg
The Rock,Michael Bay,David Weisberg
The Rock,Michael Bay,David Weisberg
The Rock,Michael Bay,David Weisberg
The Sweetest Thing,Roger Kumble,Nancy M. Pimental
The Ten Commandments,Cecil B. DeMille,"Jesse L. Lasky, Jr."
The Times of Harvey Milk,Rob Epstein,Rob Epstein
The Towering Inferno,John Guillermin,Stirling Silliphant
The Towering Inferno,John Guillermin,Stirling Silliphant
The Towering Inferno,John Guillermin,Stirling Silliphant
The Towering Inferno,John Guillermin,Stirling Silliphant
The Towering Inferno,John Guillermin,Stirling Silliphant
The Towering Inferno,John Guillermin,Stirling Silliphant
The Towering Inferno,John Guillermin,Stirling Silliphant
The Wedding Planner,Adam Shankman,Pamela Falk
The Wedding Planner,Adam Shankman,Pamela Falk
The Wedding Planner,Adam Shankman,Pamela Falk
The Wedding Planner,Adam Shankman,Pamela Falk
The Wedding Planner,Adam Shankman,Pamela Falk
The Wedding Planner,Adam Shankman,Pamela Falk
The Wedding Planner,Adam Shankman,Pamela Falk
The Wedding Planner,Adam Shankman,Pamela Falk
The Woman In Red,Gene Wilder,Jean Loup Dabadie & Yves Robert
The Woman In Red,Gene Wilder,Jean Loup Dabadie & Yves Robert
The Woman In Red,Gene Wilder,Jean Loup Dabadie & Yves Robert
The Woman In Red,Gene Wilder,Jean Loup Dabadie & Yves Robert
They Call Me MISTER Tibbs,Gordon Douglas,Alan R. Trustman
The Zodiac,Alexander Bulkley,Alexander Bulkley & Kelley Bulkeley
Thief of Hearts,Douglas Day Stewart,Douglas Day Stewart
Time After Time,Nicholas Meyer,Karl Alexander
Time After Time,Nicholas Meyer,Karl Alexander
Time After Time,Nicholas Meyer,Karl Alexander
Time After Time,Nicholas Meyer,Karl Alexander
Time After Time,Nicholas Meyer,Karl Alexander
Time After Time,Nicholas Meyer,Karl Alexander
Time After Time,Nicholas Meyer,Karl Alexander
Time After Time,Nicholas Meyer,Karl Alexander
Time After Time,Nicholas Meyer,Karl Alexander
Time After Time,Nicholas Meyer,Karl Alexander
Time After Time,Nicholas Meyer,Karl Alexander
Time After Time,Nicholas Meyer,Karl Alexander
Time After Time,Nicholas Meyer,Karl Alexander
Time After Time,Nicholas Meyer,Karl Alexander
Time After Time,Nicholas Meyer,Karl Alexander
Time After Time,Nicholas Meyer,Karl Alexander
Time After Time,Nicholas Meyer,Karl Alexander
Time After Time,Nicholas Meyer,Karl Alexander
Time After Time,Nicholas Meyer,Karl Alexander
Time After Time,Nicholas Meyer,Karl Alexander
Time After Time,Nicholas Meyer,Karl Alexander
Time After Time,Nicholas Meyer,Karl Alexander
Time After Time,Nicholas Meyer,Karl Alexander
Time After Time,Nicholas Meyer,Karl Alexander
Tin Cup,Ron Shelton,John Norville
To the Ends of the Earth,Robert Stevenson,Jay Richard Kennedy
True Believer,Joseph Ruben,Wesley Strick
Tucker: The Man and His Dream,Francis Ford Coppola,Arnold Schulman
Tweek City,Eric G. Johnson,Eric G. Johnson
Twisted,Philip Kaufman,Sarah Thorp
Twisted,Philip Kaufman,Sarah Thorp
Twisted,Philip Kaufman,Sarah Thorp
Twisted,Philip Kaufman,Sarah Thorp
Twisted,Philip Kaufman,Sarah Thorp
Twisted,Philip Kaufman,Sarah Thorp
Twisted,Philip Kaufman,Sarah Thorp
Twisted,Philip Kaufman,Sarah Thorp
Twisted,Philip Kaufman,Sarah Thorp
Twisted,Philip Kaufman,Sarah Thorp
Twisted,Philip Kaufman,Sarah Thorp
Under the Tuscan Sun,Audrey Wells,Audrey Wells
Until the End of the World,Wim Wenders,Wim Wenders
Vegas in Space,Phillip R. Ford,Doris Fish
Vegas in Space,Phillip R. Ford,Doris Fish
Vegas in Space,Phillip R. Ford,Doris Fish
Vegas in Space,Phillip R. Ford,Doris Fish
Vegas in Space,Phillip R. Ford,Doris Fish
Vegas in Space,Phillip R. Ford,Doris Fish
Venom,Ruben Fleischer,"Jeff Pinkner, Scott Rosenberg"
Venom,Ruben Fleischer,"Jeff Pinkner, Scott Rosenberg"
Venom,Ruben Fleischer,"Jeff Pinkner, Scott Rosenberg"
Venom,Ruben Fleischer,"Jeff Pinkner, Scott Rosenberg"
Venom,Ruben Fleischer,"Jeff Pinkner, Scott Rosenberg"
Venom,Ruben Fleischer,"Jeff Pinkner, Scott Rosenberg"
Venom,Ruben Fleischer,"Jeff Pinkner, Scott Rosenberg"
Venom,Ruben Fleischer,"Jeff Pinkner, Scott Rosenberg"
Venom,Ruben Fleischer,"Jeff Pinkner, Scott Rosenberg"
Venom,Ruben Fleischer,"Jeff Pinkner, Scott Rosenberg"
Venom,Ruben Fleischer,"Jeff Pinkner, Scott Rosenberg"
Venom,Ruben Fleischer,"Jeff Pinkner, Scott Rosenberg"
Venom,Ruben Fleischer,"Jeff Pinkner, Scott Rosenberg"
Venom,Ruben Fleischer,"Jeff Pinkner, Scott Rosenberg"
Venom,Ruben Fleischer,"Jeff Pinkner, Scott Rosenberg"
Venom,Ruben Fleischer,"Jeff Pinkner, Scott Rosenberg"
Venom,Ruben Fleischer,"Jeff Pinkner, Scott Rosenberg"
Venom,Ruben Fleischer,"Jeff Pinkner, Scott Rosenberg"
Venom,Ruben Fleischer,"Jeff Pinkner, Scott Rosenberg"
Venom,Ruben Fleischer,"Jeff Pinkner, Scott Rosenberg"
Venom,Ruben Fleischer,"Jeff Pinkner, Scott Rosenberg"
Venom,Ruben Fleischer,"Jeff Pinkner, Scott Rosenberg"
Venom,Ruben Fleischer,"Jeff Pinkner, Scott Rosenberg"
Venom,Ruben Fleischer,"Jeff Pinkner, Scott Rosenberg"
Venom,Ruben Fleischer,"Jeff Pinkner, Scott Rosenberg"
Venom,Ruben Fleischer,"Jeff Pinkner, Scott Rosenberg"
Venom: Let There Be Carnage,Andy Serkis,Kelly Marcel
Venom: Let There Be Carnage,Andy Serkis,Kelly Marcel
Venom: Let There Be Carnage,Andy Serkis,Kelly Marcel
Venom: Let There Be Carnage,Andy Serkis,Kelly Marcel
Venom: Let There Be Carnage,Andy Serkis,Kelly Marcel
Venom: Let There Be Carnage,Andy Serkis,Kelly Marcel
Venom: Let There Be Carnage,Andy Serkis,Kelly Marcel
Venom: Let There Be Carnage,Andy Serkis,Kelly Marcel
Venom: Let There Be Carnage,Andy Serkis,Kelly Marcel
Venom: Let There Be Carnage,Andy Serkis,Kelly Marcel
Venom: Let There Be Carnage,Andy Serkis,Kelly Marcel
Vertigo,Alfred Hitchcock,Alec Coppel
Vertigo,Alfred Hitchcock,Alec Coppel
Vertigo,Alfred Hitchcock,Alec Coppel
Vertigo,Alfred Hitchcock,Alec Coppel
Vertigo,Alfred Hitchcock,Alec Coppel
Vertigo,Alfred Hitchcock,Alec Coppel
Vertigo,Alfred Hitchcock,Alec Coppel
Vertigo,Alfred Hitchcock,Alec Coppel
Vertigo,Alfred Hitchcock,Alec Coppel
Vertigo,Alfred Hitchcock,Alec Coppel
Vertigo,Alfred Hitchcock,Alec Coppel
Vertigo,Alfred Hitchcock,Alec Coppel
Vertigo,Alfred Hitchcock,Alec Coppel
Vertigo,Alfred Hitchcock,Alec Coppel
Vertigo,Alfred Hitchcock,Alec Coppel
Vertigo,Alfred Hitchcock,Alec Coppel
What Dreams May Come,Vincent Ward,Ron Bass
What's Up Doc?,Peter Bogdanovich,Peter Bogdanovich & Buck Henry
What's Up Doc?,Peter Bogdanovich,Peter Bogdanovich & Buck Henry
What's Up Doc?,Peter Bogdanovich,Peter Bogdanovich & Buck Henry
What's Up Doc?,Peter Bogdanovich,Peter Bogdanovich & Buck Henry
What's Up Doc?,Peter Bogdanovich,Peter Bogdanovich & Buck Henry
What's Up Doc?,Peter Bogdanovich,Peter Bogdanovich & Buck Henry
What's Up Doc?,Peter Bogdanovich,Peter Bogdanovich & Buck Henry
What the Bleep Do We Know,William Arntz,William Arntz & Betsy Chasse
When a Man Loves a Woman,Luis Mandoki,Ronald Bass
When a Man Loves a Woman,Luis Mandoki,Ronald Bass
When a Man Loves a Woman,Luis Mandoki,Ronald Bass
When a Man Loves a Woman,Luis Mandoki,Ronald Bass
When a Man Loves a Woman,Luis Mandoki,Ronald Bass
When a Man Loves a Woman,Luis Mandoki,Ronald Bass
When a Man Loves a Woman,Luis Mandoki,Ronald Bass
When a Man Loves a Woman,Luis Mandoki,Ronald Bass
When We Rise,Gus Van Sant,Dustin Lance Black
When We Rise,Gus Van Sant,Dustin Lance Black
When We Rise,Gus Van Sant,Dustin Lance Black
When We Rise,Gus Van Sant,Dustin Lance Black
When We Rise,Gus Van Sant,Dustin Lance Black
When We Rise,Gus Van Sant,Dustin Lance Black
When We Rise,Gus Van Sant,Dustin Lance Black
When We Rise,Gus Van Sant,Dustin Lance Black
When We Rise,Gus Van Sant,Dustin Lance Black
When We Rise,Gus Van Sant,Dustin Lance Black
When We Rise,Gus Van Sant,Dustin Lance Black
When We Rise,Gus Van Sant,Dustin Lance Black
When We Rise,Gus Van Sant,Dustin Lance Black
When We Rise,Gus Van Sant,Dustin Lance Black
When We Rise,Gus Van Sant,Dustin Lance Black
When We Rise,Gus Van Sant,Dustin Lance Black
Woman on the Run,Norman Foster,Norman Foster
Woman on the Run,Norman Foster,Norman Foster
Woman on the Run,Norman Foster,Norman Foster
Woman on the Run,Norman Foster,Norman Foster
Woman on the Run,Norman Foster,Norman Foster
Woman on the Run,Norman Foster,Norman Foster
Woman on Top,Fina Torres,Vera Blasi
Women is Losers,Lissette Feliciano,Lissette Feliciano
Women is Losers,Lissette Feliciano,Lissette Feliciano
Women is Losers,Lissette Feliciano,Lissette Feliciano
Women is Losers,Lissette Feliciano,Lissette Feliciano
Women is Losers,Lissette Feliciano,Lissette Feliciano
Women is Losers,Lissette Feliciano,Lissette Feliciano
Women is Losers,Lissette Feliciano,Lissette Feliciano
Women is Losers,Lissette Feliciano,Lissette Feliciano
Women is Losers,Lissette Feliciano,Lissette Feliciano
Women is Losers,Lissette Feliciano,Lissette Feliciano
Women is Losers,Lissette Feliciano,Lissette Feliciano
Women is Losers,Lissette Feliciano,Lissette Feliciano
Women is Losers,Lissette Feliciano,Lissette Feliciano
Women is Losers,Lissette Feliciano,Lissette Feliciano
Women is Losers,Lissette Feliciano,Lissette Feliciano
Women is Losers,Lissette Feliciano,Lissette Feliciano
Women is Losers,Lissette Feliciano,Lissette Feliciano
Women is Losers,Lissette Feliciano,Lissette Feliciano
"Yours, Mine and Ours",Melville Shavelson,"Bob Carroll, Jr."
Zodiac,David Fincher,James Vanderbilt
